#   广义阻尼矩阵
     0.0000E+00      0.0000E+00      0.0000E+00      0.0000E+00      0.0000E+00      0.0000E+00      0.0000E+00     0.0000E+00      0.0000E+00   
     0.0000E+00      0.0000E+00      0.0000E+00      0.0000E+00      0.0000E+00      0.0000E+00      0.0000E+00     0.0000E+00      0.0000E+00 
     0.0000E+00      0.0000E+00      -0.6034E+03      0.0000E+00      0.0000E+00      0.0000E+00      0.0000E+00     0.0000E+00      0.0000E+00 
     0.0000E+00      0.0000E+00      0.0000E+00      0.0000E+00      0.0000E+00      0.0000E+00      0.0000E+00     0.0000E+00      0.0000E+00 
     0.0000E+00      0.0000E+00      0.0000E+00      0.0000E+00      -0.2526E+06      0.0000E+00      0.0000E+00     0.0000E+00      0.0000E+00 
     0.0000E+00      0.0000E+00      0.0000E+00      0.0000E+00      0.0000E+00      0.0000E+00      0.0000E+00     0.0000E+00      0.0000E+00 
     0.0000E+00      0.0000E+00      0.0000E+00      0.0000E+00      0.0000E+00      0.0000E+00      0.4075E+04     0.0000E+00      0.0000E+00 
     0.0000E+00      0.0000E+00      0.0000E+00      0.0000E+00      0.0000E+00      0.0000E+00      0.0000E+00     0.2384E+05      0.0000E+00 
     0.0000E+00      0.0000E+00      0.0000E+00      0.0000E+00      0.0000E+00      0.0000E+00      0.0000E+00     0.0000E+00      0.3787E+05
	 
	 
 #   广义刚度矩阵
     0.0000E+00      0.0000E+00      0.0000E+00      0.0000E+00      0.0000E+00      0.0000E+00      0.0000E+00     0.0000E+00      0.0000E+00   
     0.0000E+00      0.0000E+00      0.0000E+00      0.0000E+00      0.0000E+00      0.0000E+00      0.0000E+00     0.0000E+00      0.0000E+00 
     0.0000E+00      0.0000E+00      0.7061E+06      0.0000E+00      0.0000E+00      0.0000E+00      0.0000E+00     0.0000E+00      0.0000E+00 
     0.0000E+00      0.0000E+00      0.0000E+00      0.0000E+00      0.0000E+00      0.0000E+00      0.0000E+00     0.0000E+00      0.0000E+00 
     0.0000E+00      0.0000E+00      0.0000E+00      0.0000E+00      0.4053E+08      0.0000E+00      0.0000E+00     0.0000E+00      0.0000E+00 
     0.0000E+00      0.0000E+00      0.0000E+00      0.0000E+00      0.0000E+00      0.0000E+00      0.0000E+00     0.0000E+00      0.0000E+00 
     0.0000E+00      0.0000E+00      0.0000E+00      0.0000E+00      0.0000E+00      0.0000E+00      0.1102E+07     0.0000E+00      0.0000E+00 
     0.0000E+00      0.0000E+00      0.0000E+00      0.0000E+00      0.0000E+00      0.0000E+00      0.0000E+00     0.1467E+08      0.0000E+00 
     0.0000E+00      0.0000E+00      0.0000E+00      0.0000E+00      0.0000E+00      0.0000E+00      0.0000E+00     0.0000E+00      0.3595E+08 