       1       1         7.22971         0.00000        -0.75452
       1       2         7.50328         0.00000        -0.77141
       1       3         7.77686         0.00000        -0.78831
       1       4         8.05044         0.00000        -0.80521
       1       5         8.32402         0.00000        -0.82210
       1       6         8.59759         0.00000        -0.83900
       1       7         8.87117         0.00000        -0.85590
       1       8         9.14475         0.00000        -0.87280
       1       9         9.41832         0.00000        -0.88969
       1      10         9.69190         0.00000        -0.90659
       1      11         9.96548         0.00000        -0.92348
       1      12        10.23906         0.00000        -0.94038
       1      13        10.51263         0.00000        -0.95728
       1      14        10.78621         0.00000        -0.97417
       1      15        11.05979         0.00000        -0.99107
       1      16        11.33336         0.00000        -1.00797
       1      17        11.60694         0.00000        -1.02487
       1      18        11.88052         0.00000        -1.04177
       1      19        12.15409         0.00000        -1.05867
       1      20        12.42767         0.00000        -1.07556
       1      21        12.70125         0.00000        -1.09246
       1      22        12.97483         0.00000        -1.10935
       1      23        13.24840         0.00000        -1.12625
       1      24        13.52198         0.00000        -1.14314
       1      25        13.79556         0.00000        -1.16004
       1      26        14.06914         0.00000        -1.17694
       1      27        14.34271         0.00000        -1.19384
       1      28        14.61629         0.00000        -1.21074
       1      29        14.88987         0.00000        -1.22764
       1      30        15.16344         0.00000        -1.24454
       1      31        15.43702         0.00000        -1.26143
       1      32        15.71060         0.00000        -1.27833
       1      33        15.98417         0.00000        -1.29522
       1      34        16.25775         0.00000        -1.31212
       1      35        16.53133         0.00000        -1.32901
       1      36        16.80491         0.00000        -1.34591
       1      37        17.07848         0.00000        -1.36281
       1      38        17.35206         0.00000        -1.37971
       1      39        17.62564         0.00000        -1.39661
       1      40        17.89921         0.00000        -1.41350
       1      41        18.16078         0.00000        -1.46764
       1      42        18.39270         0.00000        -1.61374
       1      43        18.66437         0.00000        -1.60798
       1      44        18.93813         0.00000        -1.59427
       1      45        19.21189         0.00000        -1.58057
       1      46        19.48564         0.00000        -1.56687
       1      47        19.75940         0.00000        -1.55316
       1      48        20.03315         0.00000        -1.53946
       1      49        20.30691         0.00000        -1.52575
       1      50        20.58066         0.00000        -1.51205
       1      51        20.85442         0.00000        -1.49834
       1      52        21.12818         0.00000        -1.48464
       1      53        21.40193         0.00000        -1.47093
       1      54        21.67567         0.00000        -1.45697
       1      55        21.94942         0.00000        -1.44300
       1      56        22.22316         0.00000        -1.42903
       1      57        22.49690         0.00000        -1.41506
       1      58        22.77064         0.00000        -1.40110
       1      59        23.04436         0.00000        -1.38658
       1      60        23.31803         0.00000        -1.37132
       1      61        23.59166         0.00000        -1.35527
       1      62        23.86523         0.00000        -1.33837
       1      63        24.13881         0.00000        -1.32146
       1      64        24.41239         0.00000        -1.30455
       1      65        24.68587         0.00000        -1.28622
       1      66        24.95931         0.00000        -1.26726
       1      67        25.23275         0.00000        -1.24831
       1      68        25.50619         0.00000        -1.22925
       1      69        25.77946         0.00000        -1.20801
       1      70        26.05274         0.00000        -1.18678
       1      71        26.32601         0.00000        -1.16554
       1      72        26.59918         0.00000        -1.14306
       1      73        26.87220         0.00000        -1.11869
       1      74        27.14521         0.00000        -1.09432
       1      75        27.41822         0.00000        -1.06995
       1      76        27.69106         0.00000        -1.04370
       1      77        27.41822         0.00000        -1.06995
       1      78        27.14521         0.00000        -1.09432
       1      79        26.87220         0.00000        -1.11869
       1      80        26.59918         0.00000        -1.14306
       1      81        26.32601         0.00000        -1.16554
       1      82        26.05274         0.00000        -1.18678
       1      83        25.77946         0.00000        -1.20801
       1      84        25.50619         0.00000        -1.22925
       1      85        25.23275         0.00000        -1.24831
       1      86        24.95931         0.00000        -1.26726
       1      87        24.68587         0.00000        -1.28622
       1      88        24.41239         0.00000        -1.30455
       1      89        24.13881         0.00000        -1.32146
       1      90        23.86523         0.00000        -1.33837
       1      91        23.59166         0.00000        -1.35527
       1      92        23.31803         0.00000        -1.37132
       1      93        23.04436         0.00000        -1.38658
       1      94        22.77064         0.00000        -1.40110
       1      95        22.49690         0.00000        -1.41506
       1      96        22.22316         0.00000        -1.42903
       1      97        21.94942         0.00000        -1.44300
       1      98        21.67567         0.00000        -1.45697
       1      99        21.40193         0.00000        -1.47093
       1     100        21.12818         0.00000        -1.48464
       1     101        20.85442         0.00000        -1.49834
       1     102        20.58066         0.00000        -1.51205
       1     103        20.30691         0.00000        -1.52575
       1     104        20.03315         0.00000        -1.53946
       1     105        19.75940         0.00000        -1.55316
       1     106        19.48564         0.00000        -1.56687
       1     107        19.21189         0.00000        -1.58057
       1     108        18.93813         0.00000        -1.59427
       1     109        18.66437         0.00000        -1.60798
       1     110        18.39270         0.00000        -1.61374
       1     111        18.16078         0.00000        -1.46764
       1     112        17.89921         0.00000        -1.41350
       1     113        17.62564         0.00000        -1.39661
       1     114        17.35206         0.00000        -1.37971
       1     115        17.07848         0.00000        -1.36281
       1     116        16.80491         0.00000        -1.34591
       1     117        16.53133         0.00000        -1.32901
       1     118        16.25775         0.00000        -1.31212
       1     119        15.98417         0.00000        -1.29522
       1     120        15.71060         0.00000        -1.27833
       1     121        15.43702         0.00000        -1.26143
       1     122        15.16344         0.00000        -1.24454
       1     123        14.88987         0.00000        -1.22764
       1     124        14.61629         0.00000        -1.21074
       1     125        14.34271         0.00000        -1.19384
       1     126        14.06914         0.00000        -1.17694
       1     127        13.79556         0.00000        -1.16004
       1     128        13.52198         0.00000        -1.14314
       1     129        13.24840         0.00000        -1.12625
       1     130        12.97483         0.00000        -1.10935
       1     131        12.70125         0.00000        -1.09246
       1     132        12.42767         0.00000        -1.07556
       1     133        12.15409         0.00000        -1.05867
       1     134        11.88052         0.00000        -1.04177
       1     135        11.60694         0.00000        -1.02487
       1     136        11.33336         0.00000        -1.00797
       1     137        11.05979         0.00000        -0.99107
       1     138        10.78621         0.00000        -0.97417
       1     139        10.51263         0.00000        -0.95728
       1     140        10.23906         0.00000        -0.94038
       1     141         9.96548         0.00000        -0.92348
       1     142         9.69190         0.00000        -0.90659
       1     143         9.41832         0.00000        -0.88969
       1     144         9.14475         0.00000        -0.87280
       1     145         8.87117         0.00000        -0.85590
       1     146         8.59759         0.00000        -0.83900
       1     147         8.32402         0.00000        -0.82210
       1     148         8.05044         0.00000        -0.80521
       1     149         7.77686         0.00000        -0.78831
       1     150         7.50328         0.00000        -0.77141
       2       1         5.73738         0.00000        -0.66235
       2       2         5.99088         0.14712        -0.56221
       2       3         6.29054         0.17422        -0.55750
       2       4         6.59989         0.17617        -0.57279
       2       5         6.90923         0.17812        -0.58808
       2       6         7.21858         0.18007        -0.60338
       2       7         7.52792         0.18201        -0.61867
       2       8         7.83726         0.18458        -0.63396
       2       9         8.14660         0.18717        -0.64925
       2      10         8.45594         0.18976        -0.66454
       2      11         8.76528         0.19235        -0.67984
       2      12         9.07462         0.19503        -0.69513
       2      13         9.38395         0.19859        -0.71042
       2      14         9.69328         0.20215        -0.72571
       2      15        10.00261         0.20571        -0.74100
       2      16        10.31194         0.20927        -0.75629
       2      17        10.62127         0.21316        -0.77158
       2      18        10.93058         0.21821        -0.78687
       2      19        11.23989         0.22325        -0.80216
       2      20        11.54920         0.22830        -0.81745
       2      21        11.85851         0.23334        -0.83275
       2      22        12.16780         0.23921        -0.84804
       2      23        12.47707         0.24655        -0.86332
       2      24        12.78633         0.25390        -0.87861
       2      25        13.09559         0.26124        -0.89390
       2      26        13.40486         0.26858        -0.90918
       2      27        13.71406         0.27748        -0.92479
       2      28        14.02320         0.28802        -0.94075
       2      29        14.33234         0.29855        -0.95670
       2      30        14.64147         0.30909        -0.97265
       2      31        14.95061         0.31962        -0.98860
       2      32        15.25953         0.33506        -1.00435
       2      33        15.56832         0.35351        -1.01997
       2      34        15.87710         0.37197        -1.03560
       2      35        16.18588         0.39042        -1.05122
       2      36        16.49466         0.40888        -1.06685
       2      37        16.80317         0.42329        -1.08969
       2      38        17.11159         0.43629        -1.11505
       2      39        17.42000         0.44930        -1.14041
       2      40        17.72842         0.46230        -1.16577
       2      41        18.03683         0.47531        -1.19113
       2      42        18.30855         0.50941        -1.32717
       2      43        18.60395         0.51434        -1.36531
       2      44        18.91312         0.50421        -1.34977
       2      45        19.22229         0.49408        -1.33423
       2      46        19.53146         0.48395        -1.31869
       2      47        19.84064         0.47382        -1.30315
       2      48        20.14980         0.46921        -1.28520
       2      49        20.45896         0.46564        -1.26680
       2      50        20.76812         0.46208        -1.24840
       2      51        21.07728         0.45851        -1.22999
       2      52        21.38644         0.45495        -1.21159
       2      53        21.69565         0.44850        -1.19483
       2      54        22.00486         0.44205        -1.17807
       2      55        22.31407         0.43560        -1.16132
       2      56        22.62327         0.42915        -1.14456
       2      57        22.93246         0.42330        -1.12731
       2      58        23.24152         0.41788        -1.10909
       2      59        23.55050         0.39876        -1.09917
       2      60        23.85934         0.37711        -1.09052
       2      61        24.16819         0.35545        -1.08186
       2      62        24.47704         0.33380        -1.07321
       2      63        24.78604         0.32651        -1.05340
       2      64        25.09504         0.31958        -1.03333
       2      65        25.40404         0.31264        -1.01325
       2      66        25.71292         0.30580        -0.99138
       2      67        26.02175         0.29898        -0.96890
       2      68        26.33059         0.29216        -0.94643
       2      69        26.63930         0.28481        -0.92248
       2      70        26.94789         0.27697        -0.89717
       2      71        27.25649         0.26914        -0.87185
       2      72        27.56498         0.26010        -0.84579
       2      73        27.87321         0.24807        -0.81787
       2      74        28.18144         0.23604        -0.78995
       2      75        28.48156         0.21372        -0.77199
       2      76        28.63073         0.00000        -0.93933
       2      77        28.48156        -0.21372        -0.77199
       2      78        28.18144        -0.23604        -0.78995
       2      79        27.87321        -0.24807        -0.81787
       2      80        27.56498        -0.26010        -0.84579
       2      81        27.25649        -0.26914        -0.87185
       2      82        26.94789        -0.27697        -0.89717
       2      83        26.63930        -0.28481        -0.92248
       2      84        26.33059        -0.29216        -0.94643
       2      85        26.02175        -0.29898        -0.96890
       2      86        25.71292        -0.30580        -0.99138
       2      87        25.40404        -0.31264        -1.01325
       2      88        25.09504        -0.31958        -1.03333
       2      89        24.78604        -0.32651        -1.05340
       2      90        24.47704        -0.33380        -1.07321
       2      91        24.16819        -0.35545        -1.08186
       2      92        23.85934        -0.37711        -1.09052
       2      93        23.55050        -0.39876        -1.09917
       2      94        23.24152        -0.41788        -1.10909
       2      95        22.93246        -0.42330        -1.12731
       2      96        22.62327        -0.42915        -1.14456
       2      97        22.31407        -0.43560        -1.16132
       2      98        22.00486        -0.44205        -1.17807
       2      99        21.69565        -0.44850        -1.19483
       2     100        21.38644        -0.45495        -1.21159
       2     101        21.07728        -0.45851        -1.22999
       2     102        20.76812        -0.46208        -1.24840
       2     103        20.45896        -0.46564        -1.26680
       2     104        20.14980        -0.46921        -1.28520
       2     105        19.84064        -0.47382        -1.30315
       2     106        19.53146        -0.48395        -1.31869
       2     107        19.22229        -0.49408        -1.33423
       2     108        18.91312        -0.50421        -1.34977
       2     109        18.60395        -0.51434        -1.36531
       2     110        18.30855        -0.50941        -1.32717
       2     111        18.03683        -0.47531        -1.19113
       2     112        17.72842        -0.46230        -1.16577
       2     113        17.42000        -0.44930        -1.14041
       2     114        17.11159        -0.43629        -1.11505
       2     115        16.80317        -0.42329        -1.08969
       2     116        16.49466        -0.40888        -1.06685
       2     117        16.18588        -0.39042        -1.05122
       2     118        15.87710        -0.37197        -1.03560
       2     119        15.56832        -0.35351        -1.01997
       2     120        15.25953        -0.33506        -1.00435
       2     121        14.95061        -0.31962        -0.98860
       2     122        14.64147        -0.30909        -0.97265
       2     123        14.33234        -0.29855        -0.95670
       2     124        14.02320        -0.28802        -0.94075
       2     125        13.71406        -0.27748        -0.92479
       2     126        13.40486        -0.26858        -0.90918
       2     127        13.09559        -0.26124        -0.89390
       2     128        12.78633        -0.25390        -0.87861
       2     129        12.47707        -0.24655        -0.86332
       2     130        12.16780        -0.23921        -0.84804
       2     131        11.85851        -0.23334        -0.83275
       2     132        11.54920        -0.22830        -0.81745
       2     133        11.23989        -0.22325        -0.80216
       2     134        10.93058        -0.21821        -0.78687
       2     135        10.62127        -0.21316        -0.77158
       2     136        10.31194        -0.20927        -0.75629
       2     137        10.00261        -0.20571        -0.74100
       2     138         9.69328        -0.20215        -0.72571
       2     139         9.38395        -0.19859        -0.71042
       2     140         9.07462        -0.19503        -0.69513
       2     141         8.76528        -0.19235        -0.67984
       2     142         8.45594        -0.18976        -0.66454
       2     143         8.14660        -0.18717        -0.64925
       2     144         7.83726        -0.18458        -0.63396
       2     145         7.52792        -0.18201        -0.61867
       2     146         7.21858        -0.18007        -0.60338
       2     147         6.90923        -0.17812        -0.58808
       2     148         6.59989        -0.17617        -0.57279
       2     149         6.29054        -0.17422        -0.55750
       2     150         5.99088        -0.14712        -0.56221
       3       1         4.24505         0.00000        -0.57018
       3       2         4.50541         0.19041        -0.45125
       3       3         4.84062         0.23566        -0.43425
       3       4         5.18287         0.26724        -0.42685
       3       5         5.52512         0.29883        -0.41945
       3       6         5.86737         0.33041        -0.41205
       3       7         6.21030         0.34753        -0.41534
       3       8         6.55382         0.35185        -0.42808
       3       9         6.89734         0.35618        -0.44082
       3      10         7.24086         0.36051        -0.45356
       3      11         7.58438         0.36505        -0.46630
       3      12         7.92788         0.37080        -0.47904
       3      13         8.27138         0.37656        -0.49178
       3      14         8.61488         0.38231        -0.50452
       3      15         8.95839         0.38807        -0.51726
       3      16         9.30185         0.39549        -0.53000
       3      17         9.64531         0.40340        -0.54274
       3      18         9.98877         0.41131        -0.55548
       3      19        10.33223         0.41922        -0.56821
       3      20        10.67565         0.42842        -0.58095
       3      21        11.01902         0.43962        -0.59369
       3      22        11.36238         0.45083        -0.60642
       3      23        11.70575         0.46204        -0.61916
       3      24        12.04912         0.47328        -0.63189
       3      25        12.39228         0.48959        -0.64462
       3      26        12.73544         0.50589        -0.65735
       3      27        13.07860         0.52220        -0.67007
       3      28        13.42177         0.53850        -0.68280
       3      29        13.76464         0.55920        -0.69644
       3      30        14.10734         0.58257        -0.71063
       3      31        14.45003         0.60594        -0.72482
       3      32        14.79273         0.62931        -0.73901
       3      33        15.13506         0.65670        -0.75303
       3      34        15.47615         0.69749        -0.76648
       3      35        15.81724         0.73829        -0.77993
       3      36        16.15833         0.77908        -0.79338
       3      37        16.49942         0.81987        -0.80682
       3      38        16.84027         0.85078        -0.83790
       3      39        17.18106         0.87948        -0.87287
       3      40        17.52186         0.90819        -0.90785
       3      41        17.86265         0.93690        -0.94283
       3      42        18.18501         0.98702        -1.02583
       3      43        18.49498         1.03501        -1.12511
       3      44        18.83759         1.01256        -1.10782
       3      45        19.18021         0.99011        -1.09052
       3      46        19.52282         0.96766        -1.07323
       3      47        19.86544         0.94522        -1.05594
       3      48        20.20831         0.93678        -1.03251
       3      49        20.55119         0.92887        -1.00885
       3      50        20.89407         0.92096        -0.98520
       3      51        21.23694         0.91304        -0.96154
       3      52        21.57985         0.90130        -0.94027
       3      53        21.92277         0.88698        -0.92060
       3      54        22.26570         0.87267        -0.90093
       3      55        22.60862         0.85835        -0.88126
       3      56        22.95151         0.84608        -0.86021
       3      57        23.29379         0.82795        -0.84263
       3      58        23.63471         0.78392        -0.84187
       3      59        23.97517         0.73626        -0.84379
       3      60        24.31563         0.68859        -0.84571
       3      61        24.65735         0.65828        -0.83543
       3      62        25.00017         0.64291        -0.81464
       3      63        25.34298         0.62753        -0.79386
       3      64        25.68570         0.61231        -0.77153
       3      65        26.02836         0.59718        -0.74828
       3      66        26.37103         0.58205        -0.72503
       3      67        26.71349         0.56531        -0.70009
       3      68        27.05588         0.54792        -0.67448
       3      69        27.39827         0.53054        -0.64886
       3      70        27.74020         0.50573        -0.62343
       3      71        28.08201         0.47906        -0.59805
       3      72        28.42381         0.45239        -0.57267
       3      73        28.75894         0.37959        -0.58339
       3      74        29.09316         0.30059        -0.59896
       3      75        29.42738         0.22160        -0.61452
       3      76        29.56691         0.00000        -0.80754
       3      77        29.42738        -0.22160        -0.61452
       3      78        29.09316        -0.30059        -0.59896
       3      79        28.75894        -0.37959        -0.58339
       3      80        28.42381        -0.45239        -0.57267
       3      81        28.08201        -0.47906        -0.59805
       3      82        27.74020        -0.50573        -0.62343
       3      83        27.39827        -0.53054        -0.64886
       3      84        27.05588        -0.54792        -0.67448
       3      85        26.71349        -0.56531        -0.70009
       3      86        26.37103        -0.58205        -0.72503
       3      87        26.02836        -0.59718        -0.74828
       3      88        25.68570        -0.61231        -0.77153
       3      89        25.34298        -0.62753        -0.79386
       3      90        25.00017        -0.64291        -0.81464
       3      91        24.65735        -0.65828        -0.83543
       3      92        24.31563        -0.68859        -0.84571
       3      93        23.97517        -0.73626        -0.84379
       3      94        23.63471        -0.78392        -0.84187
       3      95        23.29379        -0.82795        -0.84263
       3      96        22.95151        -0.84608        -0.86021
       3      97        22.60862        -0.85835        -0.88126
       3      98        22.26570        -0.87267        -0.90093
       3      99        21.92277        -0.88698        -0.92060
       3     100        21.57985        -0.90130        -0.94027
       3     101        21.23694        -0.91304        -0.96154
       3     102        20.89407        -0.92096        -0.98520
       3     103        20.55119        -0.92887        -1.00885
       3     104        20.20831        -0.93678        -1.03251
       3     105        19.86544        -0.94522        -1.05594
       3     106        19.52282        -0.96766        -1.07323
       3     107        19.18021        -0.99011        -1.09052
       3     108        18.83759        -1.01256        -1.10782
       3     109        18.49498        -1.03501        -1.12511
       3     110        18.18501        -0.98702        -1.02583
       3     111        17.86265        -0.93690        -0.94283
       3     112        17.52186        -0.90819        -0.90785
       3     113        17.18106        -0.87948        -0.87287
       3     114        16.84027        -0.85078        -0.83790
       3     115        16.49942        -0.81987        -0.80682
       3     116        16.15833        -0.77908        -0.79338
       3     117        15.81724        -0.73829        -0.77993
       3     118        15.47615        -0.69749        -0.76648
       3     119        15.13506        -0.65670        -0.75303
       3     120        14.79273        -0.62931        -0.73901
       3     121        14.45003        -0.60594        -0.72482
       3     122        14.10734        -0.58257        -0.71063
       3     123        13.76464        -0.55920        -0.69644
       3     124        13.42177        -0.53850        -0.68280
       3     125        13.07860        -0.52220        -0.67007
       3     126        12.73544        -0.50589        -0.65735
       3     127        12.39228        -0.48959        -0.64462
       3     128        12.04912        -0.47328        -0.63189
       3     129        11.70575        -0.46204        -0.61916
       3     130        11.36238        -0.45083        -0.60642
       3     131        11.01902        -0.43962        -0.59369
       3     132        10.67565        -0.42842        -0.58095
       3     133        10.33223        -0.41922        -0.56821
       3     134         9.98877        -0.41131        -0.55548
       3     135         9.64531        -0.40340        -0.54274
       3     136         9.30185        -0.39549        -0.53000
       3     137         8.95839        -0.38807        -0.51726
       3     138         8.61488        -0.38231        -0.50452
       3     139         8.27138        -0.37656        -0.49178
       3     140         7.92788        -0.37080        -0.47904
       3     141         7.58438        -0.36505        -0.46630
       3     142         7.24086        -0.36051        -0.45356
       3     143         6.89734        -0.35618        -0.44082
       3     144         6.55382        -0.35185        -0.42808
       3     145         6.21030        -0.34753        -0.41534
       3     146         5.86737        -0.33041        -0.41205
       3     147         5.52512        -0.29883        -0.41945
       3     148         5.18287        -0.26724        -0.42685
       3     149         4.84062        -0.23566        -0.43425
       3     150         4.50541        -0.19041        -0.45125
       4       1         2.75273         0.00000        -0.47800
       4       2         3.00247         0.25013        -0.33984
       4       3         3.37097         0.30201        -0.32156
       4       4         3.74860         0.33867        -0.31249
       4       5         4.12622         0.37533        -0.30342
       4       6         4.50384         0.41198        -0.29435
       4       7         4.88236         0.43874        -0.28873
       4       8         5.26091         0.46503        -0.28327
       4       9         5.63947         0.49133        -0.27781
       4      10         6.01803         0.51763        -0.27235
       4      11         6.39734         0.52496        -0.28161
       4      12         6.77667         0.53213        -0.29099
       4      13         7.15599         0.53930        -0.30037
       4      14         7.53531         0.54654        -0.30974
       4      15         7.91458         0.55607        -0.31912
       4      16         8.29386         0.56561        -0.32850
       4      17         8.67313         0.57515        -0.33788
       4      18         9.05239         0.58491        -0.34725
       4      19         9.43156         0.59802        -0.35663
       4      20         9.81072         0.61113        -0.36601
       4      21        10.18989         0.62424        -0.37538
       4      22        10.56903         0.63788        -0.38476
       4      23        10.94797         0.65644        -0.39413
       4      24        11.32690         0.67500        -0.40350
       4      25        11.70584         0.69357        -0.41287
       4      26        12.08471         0.71322        -0.42224
       4      27        12.46314         0.74020        -0.43160
       4      28        12.84157         0.76719        -0.44095
       4      29        13.22001         0.79418        -0.45031
       4      30        13.59827         0.82296        -0.46004
       4      31        13.97562         0.86158        -0.47182
       4      32        14.35298         0.90019        -0.48360
       4      33        14.73033         0.93881        -0.49538
       4      34        15.10702         0.98221        -0.50695
       4      35        15.48041         1.04923        -0.51749
       4      36        15.85381         1.11626        -0.52802
       4      37        16.22720         1.18328        -0.53856
       4      38        16.60064         1.24751        -0.55408
       4      39        16.97439         1.29469        -0.60005
       4      40        17.34813         1.34187        -0.64602
       4      41        17.72188         1.38905        -0.69199
       4      42        18.08585         1.44405        -0.75590
       4      43        18.35900         1.57168        -0.98639
       4      44        18.73071         1.54555        -0.97366
       4      45        19.10776         1.51109        -0.94775
       4      46        19.48481         1.47663        -0.92184
       4      47        19.86186         1.44217        -0.89592
       4      48        20.23957         1.42813        -0.86191
       4      49        20.61729         1.41452        -0.82772
       4      50        20.99501         1.40092        -0.79354
       4      51        21.37271         1.38705        -0.75938
       4      52        21.74988         1.36084        -0.72644
       4      53        22.12704         1.33463        -0.69349
       4      54        22.50421         1.30842        -0.66055
       4      55        22.88142         1.28315        -0.62761
       4      56        23.25776         1.25641        -0.59985
       4      57        23.62916         1.17935        -0.59724
       4      58        24.00000         1.09939        -0.60747
       4      59        24.37085         1.01943        -0.61770
       4      60        24.74714         0.98063        -0.60414
       4      61        25.12519         0.95519        -0.58286
       4      62        25.50324         0.92981        -0.56129
       4      63        25.88117         0.90478        -0.53751
       4      64        26.25910         0.87976        -0.51372
       4      65        26.63686         0.85297        -0.48912
       4      66        27.01441         0.82423        -0.46360
       4      67        27.39197         0.79548        -0.43807
       4      68        27.76850         0.75407        -0.41564
       4      69        28.14481         0.71007        -0.39384
       4      70        28.51967         0.65764        -0.37814
       4      71        28.88772         0.56598        -0.39085
       4      72        29.25577         0.47432        -0.40356
       4      73        29.62435         0.38447        -0.41290
       4      74        29.99356         0.29681        -0.41814
       4      75        30.36276         0.20915        -0.42338
       4      76        30.49552         0.00000        -0.63086
       4      77        30.36276        -0.20915        -0.42338
       4      78        29.99356        -0.29681        -0.41814
       4      79        29.62435        -0.38447        -0.41290
       4      80        29.25577        -0.47432        -0.40356
       4      81        28.88772        -0.56598        -0.39085
       4      82        28.51967        -0.65764        -0.37814
       4      83        28.14481        -0.71007        -0.39384
       4      84        27.76850        -0.75407        -0.41564
       4      85        27.39197        -0.79548        -0.43807
       4      86        27.01441        -0.82423        -0.46360
       4      87        26.63686        -0.85297        -0.48912
       4      88        26.25910        -0.87976        -0.51372
       4      89        25.88117        -0.90478        -0.53751
       4      90        25.50324        -0.92981        -0.56129
       4      91        25.12519        -0.95519        -0.58286
       4      92        24.74714        -0.98063        -0.60414
       4      93        24.37085        -1.01943        -0.61770
       4      94        24.00000        -1.09939        -0.60747
       4      95        23.62916        -1.17935        -0.59724
       4      96        23.25776        -1.25641        -0.59985
       4      97        22.88142        -1.28315        -0.62761
       4      98        22.50421        -1.30842        -0.66055
       4      99        22.12704        -1.33463        -0.69349
       4     100        21.74988        -1.36084        -0.72644
       4     101        21.37271        -1.38705        -0.75938
       4     102        20.99501        -1.40092        -0.79354
       4     103        20.61729        -1.41452        -0.82772
       4     104        20.23957        -1.42813        -0.86191
       4     105        19.86186        -1.44217        -0.89592
       4     106        19.48481        -1.47663        -0.92184
       4     107        19.10776        -1.51109        -0.94775
       4     108        18.73071        -1.54555        -0.97366
       4     109        18.35900        -1.57168        -0.98639
       4     110        18.08585        -1.44405        -0.75590
       4     111        17.72188        -1.38905        -0.69199
       4     112        17.34813        -1.34187        -0.64602
       4     113        16.97439        -1.29469        -0.60005
       4     114        16.60064        -1.24751        -0.55408
       4     115        16.22720        -1.18328        -0.53856
       4     116        15.85381        -1.11626        -0.52802
       4     117        15.48041        -1.04923        -0.51749
       4     118        15.10702        -0.98221        -0.50695
       4     119        14.73033        -0.93881        -0.49538
       4     120        14.35298        -0.90019        -0.48360
       4     121        13.97562        -0.86158        -0.47182
       4     122        13.59827        -0.82296        -0.46004
       4     123        13.22001        -0.79418        -0.45031
       4     124        12.84157        -0.76719        -0.44095
       4     125        12.46314        -0.74020        -0.43160
       4     126        12.08471        -0.71322        -0.42224
       4     127        11.70584        -0.69357        -0.41287
       4     128        11.32690        -0.67500        -0.40350
       4     129        10.94797        -0.65644        -0.39413
       4     130        10.56903        -0.63788        -0.38476
       4     131        10.18989        -0.62424        -0.37538
       4     132         9.81072        -0.61113        -0.36601
       4     133         9.43156        -0.59802        -0.35663
       4     134         9.05239        -0.58491        -0.34725
       4     135         8.67313        -0.57515        -0.33788
       4     136         8.29386        -0.56561        -0.32850
       4     137         7.91458        -0.55607        -0.31912
       4     138         7.53531        -0.54654        -0.30974
       4     139         7.15599        -0.53930        -0.30037
       4     140         6.77667        -0.53213        -0.29099
       4     141         6.39734        -0.52496        -0.28161
       4     142         6.01803        -0.51763        -0.27235
       4     143         5.63947        -0.49133        -0.27781
       4     144         5.26091        -0.46503        -0.28327
       4     145         4.88236        -0.43874        -0.28873
       4     146         4.50384        -0.41198        -0.29435
       4     147         4.12622        -0.37533        -0.30342
       4     148         3.74860        -0.33867        -0.31249
       4     149         3.37097        -0.30201        -0.32156
       4     150         3.00247        -0.25013        -0.33984
       5       1         1.26040         0.00000        -0.38583
       5       2         1.48698         0.31072        -0.24610
       5       3         1.87163         0.39220        -0.21426
       5       4         2.27720         0.44332        -0.19672
       5       5         2.68278         0.49444        -0.17917
       5       6         3.08890         0.54027        -0.16400
       5       7         3.49738         0.56325        -0.15909
       5       8         3.90587         0.58623        -0.15418
       5       9         4.31436         0.60921        -0.14927
       5      10         4.72295         0.63019        -0.14536
       5      11         5.13166         0.64926        -0.14241
       5      12         5.54036         0.66834        -0.13945
       5      13         5.94907         0.68741        -0.13650
       5      14         6.35802         0.69913        -0.14027
       5      15         6.76702         0.70944        -0.14532
       5      16         7.17602         0.71976        -0.15037
       5      17         7.58500         0.73064        -0.15542
       5      18         7.99390         0.74436        -0.16047
       5      19         8.40280         0.75808        -0.16553
       5      20         8.81170         0.77180        -0.17058
       5      21         9.22050         0.78804        -0.17563
       5      22         9.62920         0.80689        -0.18067
       5      23        10.03789         0.82574        -0.18572
       5      24        10.44659         0.84459        -0.19077
       5      25        10.85493         0.86982        -0.19581
       5      26        11.26319         0.89650        -0.20085
       5      27        11.67144         0.92318        -0.20589
       5      28        12.07957         0.95147        -0.21093
       5      29        12.48686         0.99022        -0.21596
       5      30        12.89416         1.02897        -0.22099
       5      31        13.30145         1.06772        -0.22603
       5      32        13.70786         1.11381        -0.23260
       5      33        14.11317         1.16914        -0.24111
       5      34        14.51849         1.22447        -0.24962
       5      35        14.92380         1.27980        -0.25813
       5      36        15.32377         1.36395        -0.26461
       5      37        15.72180         1.45857        -0.27035
       5      38        16.11983         1.55319        -0.27608
       5      39        16.51785         1.64781        -0.28182
       5      40        16.92616         1.66422        -0.29392
       5      41        17.33493         1.67714        -0.30631
       5      42        17.74370         1.69005        -0.31870
       5      43        18.14516         1.68079        -0.36350
       5      44        18.53995         1.64477        -0.44370
       5      45        18.94823         1.64249        -0.47054
       5      46        19.35650         1.64020        -0.49738
       5      47        19.76477         1.63791        -0.52422
       5      48        20.17374         1.63689        -0.52810
       5      49        20.58289         1.63621        -0.52580
       5      50        20.99205         1.63552        -0.52350
       5      51        21.40120         1.63481        -0.52068
       5      52        21.81030         1.63389        -0.51402
       5      53        22.21941         1.63298        -0.50735
       5      54        22.62851         1.63206        -0.50068
       5      55        23.03713         1.61992        -0.48971
       5      56        23.42241         1.52027        -0.41645
       5      57        23.82278         1.44170        -0.40457
       5      58        24.22505         1.36711        -0.39934
       5      59        24.62962         1.31157        -0.38799
       5      60        25.03714         1.28031        -0.36883
       5      61        25.44465         1.24904        -0.34967
       5      62        25.85139         1.21222        -0.32469
       5      63        26.25811         1.17533        -0.29964
       5      64        26.66452         1.13554        -0.27402
       5      65        27.07064         1.09323        -0.24790
       5      66        27.47660         1.04935        -0.22250
       5      67        27.88054         0.98640        -0.20565
       5      68        28.28448         0.92346        -0.18881
       5      69        28.68348         0.83602        -0.18748
       5      70        29.07921         0.73244        -0.19638
       5      71        29.47494         0.62882        -0.20485
       5      72        29.87060         0.52463        -0.20765
       5      73        30.26626         0.42044        -0.21045
       5      74        30.65165         0.29336        -0.24618
       5      75        31.02822         0.14668        -0.31013
       5      76        31.40479         0.00000        -0.37408
       5      77        31.02822        -0.14668        -0.31013
       5      78        30.65165        -0.29336        -0.24618
       5      79        30.26626        -0.42044        -0.21045
       5      80        29.87060        -0.52463        -0.20765
       5      81        29.47494        -0.62882        -0.20485
       5      82        29.07921        -0.73244        -0.19638
       5      83        28.68348        -0.83602        -0.18748
       5      84        28.28448        -0.92346        -0.18881
       5      85        27.88054        -0.98640        -0.20565
       5      86        27.47660        -1.04935        -0.22250
       5      87        27.07064        -1.09323        -0.24790
       5      88        26.66452        -1.13554        -0.27402
       5      89        26.25811        -1.17533        -0.29964
       5      90        25.85139        -1.21222        -0.32469
       5      91        25.44465        -1.24904        -0.34967
       5      92        25.03714        -1.28031        -0.36883
       5      93        24.62962        -1.31157        -0.38799
       5      94        24.22505        -1.36711        -0.39934
       5      95        23.82278        -1.44170        -0.40457
       5      96        23.42241        -1.52027        -0.41645
       5      97        23.03713        -1.61992        -0.48971
       5      98        22.62851        -1.63206        -0.50068
       5      99        22.21941        -1.63298        -0.50735
       5     100        21.81030        -1.63389        -0.51402
       5     101        21.40120        -1.63481        -0.52068
       5     102        20.99205        -1.63552        -0.52350
       5     103        20.58289        -1.63621        -0.52580
       5     104        20.17374        -1.63689        -0.52810
       5     105        19.76477        -1.63791        -0.52422
       5     106        19.35650        -1.64020        -0.49738
       5     107        18.94823        -1.64249        -0.47054
       5     108        18.53995        -1.64477        -0.44370
       5     109        18.14516        -1.68079        -0.36350
       5     110        17.74370        -1.69005        -0.31870
       5     111        17.33493        -1.67714        -0.30631
       5     112        16.92616        -1.66422        -0.29392
       5     113        16.51785        -1.64781        -0.28182
       5     114        16.11983        -1.55319        -0.27608
       5     115        15.72180        -1.45857        -0.27035
       5     116        15.32377        -1.36395        -0.26461
       5     117        14.92380        -1.27980        -0.25813
       5     118        14.51849        -1.22447        -0.24962
       5     119        14.11317        -1.16914        -0.24111
       5     120        13.70786        -1.11381        -0.23260
       5     121        13.30145        -1.06772        -0.22603
       5     122        12.89416        -1.02897        -0.22099
       5     123        12.48686        -0.99022        -0.21596
       5     124        12.07957        -0.95147        -0.21093
       5     125        11.67144        -0.92318        -0.20589
       5     126        11.26319        -0.89650        -0.20085
       5     127        10.85493        -0.86982        -0.19581
       5     128        10.44659        -0.84459        -0.19077
       5     129        10.03789        -0.82574        -0.18572
       5     130         9.62920        -0.80689        -0.18067
       5     131         9.22050        -0.78804        -0.17563
       5     132         8.81170        -0.77180        -0.17058
       5     133         8.40280        -0.75808        -0.16553
       5     134         7.99390        -0.74436        -0.16047
       5     135         7.58500        -0.73064        -0.15542
       5     136         7.17602        -0.71976        -0.15037
       5     137         6.76702        -0.70944        -0.14532
       5     138         6.35802        -0.69913        -0.14027
       5     139         5.94907        -0.68741        -0.13650
       5     140         5.54036        -0.66834        -0.13945
       5     141         5.13166        -0.64926        -0.14241
       5     142         4.72295        -0.63019        -0.14536
       5     143         4.31436        -0.60921        -0.14927
       5     144         3.90587        -0.58623        -0.15418
       5     145         3.49738        -0.56325        -0.15909
       5     146         3.08890        -0.54027        -0.16400
       5     147         2.68278        -0.49444        -0.17917
       5     148         2.27720        -0.44332        -0.19672
       5     149         1.87163        -0.39220        -0.21426
       5     150         1.48698        -0.31072        -0.24610
       6       1        -0.01708         0.00000        -0.00000
       6       2         0.36625         0.20871         0.00002
       6       3         0.74957         0.41742         0.00003
       6       4         1.16875         0.53890         0.00005
       6       5         1.59102         0.64520         0.00007
       6       6         2.02475         0.69393         0.00008
       6       7         2.45848         0.74266         0.00010
       6       8         2.89221         0.79139         0.00012
       6       9         3.32794         0.80894         0.00014
       6      10         3.76434         0.81570         0.00016
       6      11         4.20075         0.82247         0.00017
       6      12         4.63714         0.83033         0.00019
       6      13         5.07348         0.84076         0.00021
       6      14         5.50981         0.85118         0.00023
       6      15         5.94615         0.86161         0.00025
       6      16         6.38241         0.87490         0.00027
       6      17         6.81865         0.88867         0.00028
       6      18         7.25490         0.90243         0.00030
       6      19         7.69107         0.91808         0.00032
       6      20         8.12715         0.93638         0.00034
       6      21         8.56323         0.95468         0.00036
       6      22         8.99930         0.97298         0.00037
       6      23         9.43505         0.99793         0.00039
       6      24         9.87079         1.02307         0.00041
       6      25        10.30652         1.04821         0.00043
       6      26        10.74188         1.07883         0.00045
       6      27        11.17689         1.11439         0.00047
       6      28        11.61190         1.14996         0.00048
       6      29        12.04679         1.18670         0.00050
       6      30        12.48019         1.23827         0.00052
       6      31        12.91360         1.28984         0.00054
       6      32        13.34700         1.34142         0.00056
       6      33        13.77913         1.40225         0.00057
       6      34        14.21045         1.46906         0.00059
       6      35        14.64177         1.53587         0.00061
       6      36        15.07248         1.60595         0.00063
       6      37        15.49895         1.69878         0.00065
       6      38        15.92543         1.79161         0.00066
       6      39        16.35190         1.88444         0.00068
       6      40        16.78441         1.92011         0.00070
       6      41        17.22087         1.91831         0.00072
       6      42        17.65732         1.91651         0.00074
       6      43        18.09196         1.89901         0.00075
       6      44        18.52099         1.82231         0.00077
       6      45        18.95441         1.77093         0.00079
       6      46        19.38784         1.71955         0.00081
       6      47        19.82127         1.66817         0.00083
       6      48        20.25770         1.66700         0.00084
       6      49        20.69416         1.66625         0.00086
       6      50        21.13062         1.66549         0.00088
       6      51        21.56708         1.66455         0.00090
       6      52        22.00354         1.66346         0.00092
       6      53        22.44000         1.66237         0.00093
       6      54        22.87633         1.65782         0.00095
       6      55        23.31062         1.61584         0.00097
       6      56        23.73770         1.52818         0.00099
       6      57        24.16255         1.42815         0.00101
       6      58        24.59165         1.36169         0.00102
       6      59        25.02801         1.35265         0.00104
       6      60        25.46438         1.34374         0.00106
       6      61        25.90078         1.33644         0.00108
       6      62        26.33718         1.32914         0.00110
       6      63        26.77337         1.31410         0.00112
       6      64        27.20949         1.29688         0.00113
       6      65        27.64323         1.25533         0.00115
       6      66        28.07445         1.18785         0.00117
       6      67        28.50384         1.11204         0.00119
       6      68        28.92383         0.99327         0.00120
       6      69        29.34381         0.87449         0.00122
       6      70        29.76325         0.75377         0.00124
       6      71        30.18252         0.63249         0.00126
       6      72        30.60116         0.50907         0.00127
       6      73        31.01881         0.38232         0.00129
       6      74        31.43646         0.25556         0.00131
       6      75        31.85380         0.12779         0.00133
       6      76        32.27113         0.00000         0.00134
       6      77        31.85380        -0.12779         0.00133
       6      78        31.43646        -0.25556         0.00131
       6      79        31.01881        -0.38232         0.00129
       6      80        30.60116        -0.50907         0.00127
       6      81        30.18252        -0.63249         0.00126
       6      82        29.76325        -0.75377         0.00124
       6      83        29.34381        -0.87449         0.00122
       6      84        28.92383        -0.99327         0.00120
       6      85        28.50384        -1.11204         0.00119
       6      86        28.07445        -1.18785         0.00117
       6      87        27.64323        -1.25533         0.00115
       6      88        27.20949        -1.29688         0.00113
       6      89        26.77337        -1.31410         0.00112
       6      90        26.33718        -1.32914         0.00110
       6      91        25.90078        -1.33644         0.00108
       6      92        25.46438        -1.34374         0.00106
       6      93        25.02801        -1.35265         0.00104
       6      94        24.59165        -1.36169         0.00102
       6      95        24.16255        -1.42815         0.00101
       6      96        23.73770        -1.52818         0.00099
       6      97        23.31062        -1.61584         0.00097
       6      98        22.87633        -1.65782         0.00095
       6      99        22.44000        -1.66237         0.00093
       6     100        22.00354        -1.66346         0.00092
       6     101        21.56708        -1.66455         0.00090
       6     102        21.13062        -1.66549         0.00088
       6     103        20.69416        -1.66625         0.00086
       6     104        20.25770        -1.66700         0.00084
       6     105        19.82127        -1.66817         0.00083
       6     106        19.38784        -1.71955         0.00081
       6     107        18.95441        -1.77093         0.00079
       6     108        18.52099        -1.82231         0.00077
       6     109        18.09196        -1.89901         0.00075
       6     110        17.65732        -1.91651         0.00074
       6     111        17.22087        -1.91831         0.00072
       6     112        16.78441        -1.92011         0.00070
       6     113        16.35190        -1.88444         0.00068
       6     114        15.92543        -1.79161         0.00066
       6     115        15.49895        -1.69878         0.00065
       6     116        15.07248        -1.60595         0.00063
       6     117        14.64177        -1.53587         0.00061
       6     118        14.21045        -1.46906         0.00059
       6     119        13.77913        -1.40225         0.00057
       6     120        13.34700        -1.34142         0.00056
       6     121        12.91360        -1.28984         0.00054
       6     122        12.48019        -1.23827         0.00052
       6     123        12.04679        -1.18670         0.00050
       6     124        11.61190        -1.14996         0.00048
       6     125        11.17689        -1.11439         0.00047
       6     126        10.74188        -1.07883         0.00045
       6     127        10.30652        -1.04821         0.00043
       6     128         9.87079        -1.02307         0.00041
       6     129         9.43505        -0.99793         0.00039
       6     130         8.99930        -0.97298         0.00037
       6     131         8.56323        -0.95468         0.00036
       6     132         8.12715        -0.93638         0.00034
       6     133         7.69107        -0.91808         0.00032
       6     134         7.25490        -0.90243         0.00030
       6     135         6.81865        -0.88867         0.00028
       6     136         6.38241        -0.87490         0.00027
       6     137         5.94615        -0.86161         0.00025
       6     138         5.50981        -0.85118         0.00023
       6     139         5.07348        -0.84076         0.00021
       6     140         4.63714        -0.83033         0.00019
       6     141         4.20075        -0.82247         0.00017
       6     142         3.76434        -0.81570         0.00016
       6     143         3.32794        -0.80894         0.00014
       6     144         2.89221        -0.79139         0.00012
       6     145         2.45848        -0.74266         0.00010
       6     146         2.02475        -0.69393         0.00008
       6     147         1.59102        -0.64520         0.00007
       6     148         1.16875        -0.53890         0.00005
       6     149         0.74957        -0.41742         0.00003
       6     150         0.36625        -0.20871         0.00002
