          86
       0.200000        0.000000        2.207425
       0.600000        0.000000        2.162521
       1.000000        0.000000        2.117607
       1.400000        0.000000        2.072757
       1.800000        0.000000        2.027883
       2.200000        0.000000        1.983015
       2.600000        0.000000        1.938153
       3.000000        0.000000        1.893291
       3.400000        0.000000        1.848430
       3.800000        0.000000        1.803568
       4.200000        0.000000        1.758694
       4.600000        0.000000        1.713826
       5.000000        0.000000        1.668982
       5.400000        0.000000        1.624120
       5.800000        0.000000        1.579258
       6.200000        0.000000        1.534396
       6.600000        0.000000        1.489535
       7.000000        0.000000        1.444573
       7.400000        0.000000        1.399711
       7.800000        0.000000        1.354849
       8.200000        0.000000        1.309987
       8.600000        0.000000        1.265125
       9.000000        0.000000        1.220263
       9.400000        0.000000        1.175401
       9.800000        0.000000        1.130511
      10.200000        0.000000        1.085676
      10.600000        0.000000        1.040816
      11.000000        0.000000        0.995954
      11.400000        0.000000        0.951092
      11.800000        0.000000        0.906230
      12.200000        0.000000        0.861368
      12.600000        0.000000        0.816449
      13.000000        0.000000        0.771545
      13.400000        0.000000        0.726683
      13.800000        0.000000        0.681821
      14.200000        0.000000        0.636959
      14.600000        0.000000        0.592097
      15.000000        0.000000        0.547235
      15.400000        0.000000        0.502373
      15.800000        0.000000        0.457511
      16.200000        0.000000        0.412650
      16.600000        0.000000        0.367795
      17.000000        0.000000        0.322937
      17.400000        0.000000        0.278075
      17.800000        0.000000        0.233213
      18.200000        0.000000        0.143709
      18.600000        0.000000        0.000000
      19.000000        0.000000        0.000000
      19.400000        0.000000        0.000000
      19.800000        0.000000        0.000000
      20.200000        0.000000        0.000000
      20.600000        0.000000        0.000000
      21.000000        0.000000        0.000000
      21.400000        0.000000        0.000000
      21.800000        0.000000        0.000045
      22.200000        0.000000        0.000264
      22.600000        0.000000        0.000917
      23.000000        0.000000        0.002391
      23.400000        0.000000        0.004990
      23.800000        0.000000        0.008786
      24.200000        0.000000        0.013711
      24.600000        0.000000        0.019902
      25.000000        0.000000        0.027363
      25.400000        0.000000        0.035967
      25.800000        0.000000        0.045887
      26.200000        0.000000        0.057231
      26.600000        0.000000        0.070261
      27.000000        0.000000        0.085307
      27.400000        0.000000        0.102595
      27.800000        0.000000        0.122532
      28.200000        0.000000        0.145897
      28.600000        0.000000        0.175239
      29.000000        0.000000        0.206109
      29.400000        0.000000        0.244761
      29.800000        0.000000        0.291034
      30.200000        0.000000        0.347285
      30.600000        0.000000        0.416730
      31.000000        0.000000        0.502850
      31.400000        0.000000        0.609517
      31.800000        0.000000        0.743513
      32.200000        0.000000        0.915420
      32.600000        0.000000        1.149404
      33.000000        0.000000        1.516169
      33.400000        0.000000        2.273832
      33.800000        0.000000        2.382071
      34.200000        0.000000        2.473448
