#              [ WALCS Version 2.0 ]
 
#              [ 输入数据验证文件 ]
 
#[ 控制参数输入文件 ]
 
 不输入船舶静力特性
 
 不考虑锚链效应
 
 横摇修正方法：临界阻尼法
 
 双体
 
 自然频率
 
#[ 输出控制参数 ]
 
 不输出静水载荷计算结果
 
 输出运动响应计算结果
 
 不输出压力计算点响应结果
 
 输出剖面载荷响应结果
 
 不输出加速度点响应结果
 
 谱分析方法
 
#------------------------------------------------------------
 
#[ 波浪参数输入文件 ] 
 
[海水密度(ton/m^3),工作水深(m)]
 
   1.025   9.810 100.000
 
[浪向角数目,波浪频率数目]
 
      12      30
 
#------------------------------------------------------------
 
#[ 水动力网格信息文件 ]
 
[浮体网格总数目,浮体湿表面网格数目]
 
 3334 3334
 
[垂线间长(m),型宽(m),吃水(m)]
 
 105.000  16.630   4.369
 
[浮体排水体积(m^3)]
 
 沿X方向积分:    2129.651
 沿Y方向积分:    2135.796
 沿Z方向积分:    2129.553
 平均排水体积:     2131.666
 
[浮体浮心坐标(m)]
 
XB=    0.000    deltax=  46.940
YB=    0.722
ZB=   -1.407
 
#------------------------------------------------------------
 
[ Centre of gravity of the body in the mesh reference : ]
[	XG	YG	 ZG  ]
        46.375         0.682         0.431
 
[ The Inertia Matrix of total floating body : ]
 0.21700E+04     0.00000E+00     0.00000E+00     0.00000E+00     0.00000E+00     0.42188E-12
 0.00000E+00     0.21700E+04     0.00000E+00     0.00000E+00     0.00000E+00     0.42627E-11
 0.00000E+00     0.00000E+00     0.21700E+04    -0.42188E-12    -0.42627E-11     0.00000E+00
 0.00000E+00     0.00000E+00    -0.42188E-12     0.36419E+05     0.33496E+05    -0.30314E-02
 0.00000E+00     0.00000E+00    -0.42627E-11     0.33496E+05     0.14346E+07    -0.47059E+02
 0.42188E-12     0.42627E-11     0.00000E+00    -0.30314E-02    -0.47059E+02     0.14475E+07
 
[ The Inertia Matrix of each section : ]
Sect numeber           1
  0.00000000E+00      0.00000000E+00      0.00000000E+00      0.00000000E+00      0.00000000E+00      0.00000000E+00
  0.00000000E+00      0.00000000E+00      0.00000000E+00      0.00000000E+00      0.00000000E+00      0.00000000E+00
  0.00000000E+00      0.00000000E+00      0.00000000E+00      0.00000000E+00      0.00000000E+00      0.00000000E+00
  0.00000000E+00      0.00000000E+00      0.00000000E+00      0.00000000E+00      0.00000000E+00      0.00000000E+00
  0.00000000E+00      0.00000000E+00      0.00000000E+00      0.00000000E+00      0.00000000E+00      0.00000000E+00
  0.00000000E+00      0.00000000E+00      0.00000000E+00      0.00000000E+00      0.00000000E+00      0.00000000E+00
Sect numeber           2
  0.38123020E+01      0.00000000E+00      0.00000000E+00      0.00000000E+00      0.00000000E+00     -0.33234716E+02
  0.00000000E+00      0.38123020E+01      0.00000000E+00      0.00000000E+00      0.00000000E+00     -0.16726610E+03
  0.00000000E+00      0.00000000E+00      0.38123020E+01      0.33234716E+02      0.16726610E+03      0.00000000E+00
  0.00000000E+00      0.00000000E+00      0.33234716E+02      0.31894764E+03      0.14581849E+04      0.13216600E-04
  0.00000000E+00      0.00000000E+00      0.16726610E+03      0.14581849E+04      0.73755909E+04      0.21956670E+00
 -0.33234716E+02     -0.16726610E+03      0.00000000E+00      0.13216600E-04      0.21956670E+00      0.76369378E+04
Sect numeber           3
  0.38123020E+01      0.00000000E+00      0.00000000E+00      0.00000000E+00      0.00000000E+00     -0.33234716E+02
  0.00000000E+00      0.38123020E+01      0.00000000E+00      0.00000000E+00      0.00000000E+00     -0.16726610E+03
  0.00000000E+00      0.00000000E+00      0.38123020E+01      0.33234716E+02      0.16726610E+03      0.00000000E+00
  0.00000000E+00      0.00000000E+00      0.33234716E+02      0.31894764E+03      0.14581849E+04      0.13216600E-04
  0.00000000E+00      0.00000000E+00      0.16726610E+03      0.14581849E+04      0.73755909E+04      0.21956670E+00
 -0.33234716E+02     -0.16726610E+03      0.00000000E+00      0.13216600E-04      0.21956670E+00      0.76369378E+04
Sect numeber           4
  0.20534881E+03      0.00000000E+00      0.00000000E+00      0.00000000E+00      0.00000000E+00     -0.87602713E+02
  0.00000000E+00      0.20534881E+03      0.00000000E+00      0.00000000E+00      0.00000000E+00     -0.84048296E+04
  0.00000000E+00      0.00000000E+00      0.20534881E+03      0.87602713E+02      0.84048296E+04      0.00000000E+00
  0.00000000E+00      0.00000000E+00      0.87602713E+02      0.46020583E+04      0.33372550E+04     -0.26539834E-02
  0.00000000E+00      0.00000000E+00      0.84048296E+04      0.33372550E+04      0.34753381E+06      0.41457537E+01
 -0.87602713E+02     -0.84048296E+04      0.00000000E+00     -0.26539834E-02      0.41457537E+01      0.34877705E+06
Sect numeber           5
  0.20534881E+03      0.00000000E+00      0.00000000E+00      0.00000000E+00      0.00000000E+00     -0.87602713E+02
  0.00000000E+00      0.20534881E+03      0.00000000E+00      0.00000000E+00      0.00000000E+00     -0.84048296E+04
  0.00000000E+00      0.00000000E+00      0.20534881E+03      0.87602713E+02      0.84048296E+04      0.00000000E+00
  0.00000000E+00      0.00000000E+00      0.87602713E+02      0.46020583E+04      0.33372550E+04     -0.26539834E-02
  0.00000000E+00      0.00000000E+00      0.84048296E+04      0.33372550E+04      0.34753381E+06      0.41457537E+01
 -0.87602713E+02     -0.84048296E+04      0.00000000E+00     -0.26539834E-02      0.41457537E+01      0.34877705E+06
Sect numeber           6
  0.22902308E+03      0.00000000E+00      0.00000000E+00      0.00000000E+00      0.00000000E+00     -0.29398921E+03
  0.00000000E+00      0.22902308E+03      0.00000000E+00      0.00000000E+00      0.00000000E+00     -0.92068039E+04
  0.00000000E+00      0.00000000E+00      0.22902308E+03      0.29398921E+03      0.92068039E+04      0.00000000E+00
  0.00000000E+00      0.00000000E+00      0.29398921E+03      0.65387640E+04      0.10328670E+05     -0.26608589E-02
  0.00000000E+00      0.00000000E+00      0.92068039E+04      0.10328670E+05      0.37488476E+06      0.60324267E+01
 -0.29398921E+03     -0.92068039E+04      0.00000000E+00     -0.26608589E-02      0.60324267E+01      0.37779572E+06
Sect numeber           7
  0.43622483E+03      0.00000000E+00      0.00000000E+00      0.00000000E+00      0.00000000E+00     -0.39774538E+03
  0.00000000E+00      0.43622483E+03      0.00000000E+00      0.00000000E+00      0.00000000E+00     -0.15391208E+05
  0.00000000E+00      0.00000000E+00      0.43622483E+03      0.39774538E+03      0.15391208E+05      0.00000000E+00
  0.00000000E+00      0.00000000E+00      0.39774538E+03      0.10961490E+05      0.13207414E+05     -0.19205078E-02
  0.00000000E+00      0.00000000E+00      0.15391208E+05      0.13207414E+05      0.56259447E+06      0.74445335E+01
 -0.39774538E+03     -0.15391208E+05      0.00000000E+00     -0.19205078E-02      0.74445335E+01      0.56737360E+06
Sect numeber           8
  0.46486344E+03      0.00000000E+00      0.00000000E+00      0.00000000E+00      0.00000000E+00     -0.64740977E+03
  0.00000000E+00      0.46486344E+03      0.00000000E+00      0.00000000E+00      0.00000000E+00     -0.16074965E+05
  0.00000000E+00      0.00000000E+00      0.46486344E+03      0.64740977E+03      0.16074965E+05      0.00000000E+00
  0.00000000E+00      0.00000000E+00      0.64740977E+03      0.13265772E+05      0.19168240E+05     -0.19224075E-02
  0.00000000E+00      0.00000000E+00      0.16074965E+05      0.19168240E+05      0.57910265E+06      0.10660903E+02
 -0.64740977E+03     -0.16074965E+05      0.00000000E+00     -0.19224075E-02      0.10660903E+02      0.58593881E+06
Sect numeber           9
  0.66538865E+03      0.00000000E+00      0.00000000E+00      0.00000000E+00      0.00000000E+00     -0.69296150E+03
  0.00000000E+00      0.66538865E+03      0.00000000E+00      0.00000000E+00      0.00000000E+00     -0.19859949E+05
  0.00000000E+00      0.00000000E+00      0.66538865E+03      0.69296150E+03      0.19859949E+05      0.00000000E+00
  0.00000000E+00      0.00000000E+00      0.69296150E+03      0.17027606E+05      0.20028045E+05     -0.16085339E-02
  0.00000000E+00      0.00000000E+00      0.19859949E+05      0.20028045E+05      0.65349479E+06      0.83526935E+01
 -0.69296150E+03     -0.19859949E+05      0.00000000E+00     -0.16085339E-02      0.83526935E+01      0.66206344E+06
Sect numeber          10
  0.67585403E+03      0.00000000E+00      0.00000000E+00      0.00000000E+00      0.00000000E+00     -0.78419612E+03
  0.00000000E+00      0.67585403E+03      0.00000000E+00      0.00000000E+00      0.00000000E+00     -0.20005160E+05
  0.00000000E+00      0.00000000E+00      0.67585403E+03      0.78419612E+03      0.20005160E+05      0.00000000E+00
  0.00000000E+00      0.00000000E+00      0.78419612E+03      0.17865005E+05      0.21293957E+05     -0.16101319E-02
  0.00000000E+00      0.00000000E+00      0.20005160E+05      0.21293957E+05      0.65557227E+06      0.98530095E+01
 -0.78419612E+03     -0.20005160E+05      0.00000000E+00     -0.16101319E-02      0.98530095E+01      0.66489663E+06
Sect numeber          11
  0.10066538E+04      0.00000000E+00      0.00000000E+00      0.00000000E+00      0.00000000E+00     -0.64122218E+03
  0.00000000E+00      0.10066538E+04      0.00000000E+00      0.00000000E+00      0.00000000E+00     -0.22583115E+05
  0.00000000E+00      0.00000000E+00      0.10066538E+04      0.64122218E+03      0.22583115E+05      0.00000000E+00
  0.00000000E+00      0.00000000E+00      0.64122218E+03      0.22095284E+05      0.20233462E+05     -0.29242423E-03
  0.00000000E+00      0.00000000E+00      0.22583115E+05      0.20233462E+05      0.68031544E+06      0.22773801E+01
 -0.64122218E+03     -0.22583115E+05      0.00000000E+00     -0.29242423E-03      0.22773801E+01      0.69120476E+06
Sect numeber          12
  0.10099760E+04      0.00000000E+00      0.00000000E+00      0.00000000E+00      0.00000000E+00     -0.67018471E+03
  0.00000000E+00      0.10099760E+04      0.00000000E+00      0.00000000E+00      0.00000000E+00     -0.22595990E+05
  0.00000000E+00      0.00000000E+00      0.10099760E+04      0.67018471E+03      0.22595990E+05      0.00000000E+00
  0.00000000E+00      0.00000000E+00      0.67018471E+03      0.22362026E+05      0.20345702E+05     -0.28923393E-03
  0.00000000E+00      0.00000000E+00      0.22595990E+05      0.20345702E+05      0.68038724E+06      0.26305944E+01
 -0.67018471E+03     -0.22595990E+05      0.00000000E+00     -0.28923393E-03      0.26305944E+01      0.69151332E+06
Sect numeber          13
  0.14173673E+04      0.00000000E+00      0.00000000E+00      0.00000000E+00      0.00000000E+00     -0.43821654E+03
  0.00000000E+00      0.14173673E+04      0.00000000E+00      0.00000000E+00      0.00000000E+00     -0.21242796E+05
  0.00000000E+00      0.00000000E+00      0.14173673E+04      0.43821654E+03      0.21242796E+05      0.00000000E+00
  0.00000000E+00      0.00000000E+00      0.43821654E+03      0.26953683E+05      0.21127707E+05     -0.30942868E-02
  0.00000000E+00      0.00000000E+00      0.21242796E+05      0.21127707E+05      0.69041764E+06     -0.90272984E+01
 -0.43821654E+03     -0.21242796E+05      0.00000000E+00     -0.30942868E-02     -0.90272984E+01      0.70325920E+06
Sect numeber          14
  0.14173673E+04      0.00000000E+00      0.00000000E+00      0.00000000E+00      0.00000000E+00     -0.43821654E+03
  0.00000000E+00      0.14173673E+04      0.00000000E+00      0.00000000E+00      0.00000000E+00     -0.21242796E+05
  0.00000000E+00      0.00000000E+00      0.14173673E+04      0.43821654E+03      0.21242796E+05      0.00000000E+00
  0.00000000E+00      0.00000000E+00      0.43821654E+03      0.26953683E+05      0.21127707E+05     -0.30942868E-02
  0.00000000E+00      0.00000000E+00      0.21242796E+05      0.21127707E+05      0.69041764E+06     -0.90272984E+01
 -0.43821654E+03     -0.21242796E+05      0.00000000E+00     -0.30942868E-02     -0.90272984E+01      0.70325920E+06
Sect numeber          15
  0.16818059E+04      0.00000000E+00      0.00000000E+00      0.00000000E+00      0.00000000E+00     -0.28424856E+03
  0.00000000E+00      0.16818059E+04      0.00000000E+00      0.00000000E+00      0.00000000E+00     -0.17428363E+05
  0.00000000E+00      0.00000000E+00      0.16818059E+04      0.28424856E+03      0.17428363E+05      0.00000000E+00
  0.00000000E+00      0.00000000E+00      0.28424856E+03      0.30287527E+05      0.23348640E+05     -0.29972030E-02
  0.00000000E+00      0.00000000E+00      0.17428363E+05      0.23348640E+05      0.74932928E+06     -0.17939636E+02
 -0.28424856E+03     -0.17428363E+05      0.00000000E+00     -0.29972030E-02     -0.17939636E+02      0.76301599E+06
Sect numeber          16
  0.16818059E+04      0.00000000E+00      0.00000000E+00      0.00000000E+00      0.00000000E+00     -0.28424856E+03
  0.00000000E+00      0.16818059E+04      0.00000000E+00      0.00000000E+00      0.00000000E+00     -0.17428363E+05
  0.00000000E+00      0.00000000E+00      0.16818059E+04      0.28424856E+03      0.17428363E+05      0.00000000E+00
  0.00000000E+00      0.00000000E+00      0.28424856E+03      0.30287527E+05      0.23348640E+05     -0.29972030E-02
  0.00000000E+00      0.00000000E+00      0.17428363E+05      0.23348640E+05      0.74932928E+06     -0.17939636E+02
 -0.28424856E+03     -0.17428363E+05      0.00000000E+00     -0.29972030E-02     -0.17939636E+02      0.76301599E+06
Sect numeber          17
  0.18852202E+04      0.00000000E+00      0.00000000E+00      0.00000000E+00      0.00000000E+00     -0.16581165E+03
  0.00000000E+00      0.18852202E+04      0.00000000E+00      0.00000000E+00      0.00000000E+00     -0.12236285E+05
  0.00000000E+00      0.00000000E+00      0.18852202E+04      0.16581165E+03      0.12236285E+05      0.00000000E+00
  0.00000000E+00      0.00000000E+00      0.16581165E+03      0.32647098E+05      0.26371701E+05     -0.31508440E-02
  0.00000000E+00      0.00000000E+00      0.12236285E+05      0.26371701E+05      0.88485757E+06     -0.26492221E+02
 -0.16581165E+03     -0.12236285E+05      0.00000000E+00     -0.31508440E-02     -0.26492221E+02      0.89897843E+06
Sect numeber          18
  0.18852202E+04      0.00000000E+00      0.00000000E+00      0.00000000E+00      0.00000000E+00     -0.16581165E+03
  0.00000000E+00      0.18852202E+04      0.00000000E+00      0.00000000E+00      0.00000000E+00     -0.12236285E+05
  0.00000000E+00      0.00000000E+00      0.18852202E+04      0.16581165E+03      0.12236285E+05      0.00000000E+00
  0.00000000E+00      0.00000000E+00      0.16581165E+03      0.32647098E+05      0.26371701E+05     -0.31508440E-02
  0.00000000E+00      0.00000000E+00      0.12236285E+05      0.26371701E+05      0.88485757E+06     -0.26492221E+02
 -0.16581165E+03     -0.12236285E+05      0.00000000E+00     -0.31508440E-02     -0.26492221E+02      0.89897843E+06
Sect numeber          19
  0.20479516E+04      0.00000000E+00      0.00000000E+00      0.00000000E+00      0.00000000E+00     -0.71062145E+02
  0.00000000E+00      0.20479516E+04      0.00000000E+00      0.00000000E+00      0.00000000E+00     -0.62763050E+04
  0.00000000E+00      0.00000000E+00      0.20479516E+04      0.71062145E+02      0.62763050E+04      0.00000000E+00
  0.00000000E+00      0.00000000E+00      0.71062145E+02      0.34781564E+05      0.29841868E+05     -0.27092420E-02
  0.00000000E+00      0.00000000E+00      0.62763050E+04      0.29841868E+05      0.11060179E+07     -0.36437969E+02
 -0.71062145E+02     -0.62763050E+04      0.00000000E+00     -0.27092420E-02     -0.36437969E+02      0.11198077E+07
Sect numeber          20
  0.20479516E+04      0.00000000E+00      0.00000000E+00      0.00000000E+00      0.00000000E+00     -0.71062145E+02
  0.00000000E+00      0.20479516E+04      0.00000000E+00      0.00000000E+00      0.00000000E+00     -0.62763050E+04
  0.00000000E+00      0.00000000E+00      0.20479516E+04      0.71062145E+02      0.62763050E+04      0.00000000E+00
  0.00000000E+00      0.00000000E+00      0.71062145E+02      0.34781564E+05      0.29841868E+05     -0.27092420E-02
  0.00000000E+00      0.00000000E+00      0.62763050E+04      0.29841868E+05      0.11060179E+07     -0.36437969E+02
 -0.71062145E+02     -0.62763050E+04      0.00000000E+00     -0.27092420E-02     -0.36437969E+02      0.11198077E+07
Sect numeber          21
  0.21293173E+04      0.00000000E+00      0.00000000E+00      0.00000000E+00      0.00000000E+00     -0.23687382E+02
  0.00000000E+00      0.21293173E+04      0.00000000E+00      0.00000000E+00      0.00000000E+00     -0.23931548E+04
  0.00000000E+00      0.00000000E+00      0.21293173E+04      0.23687382E+02      0.23931548E+04      0.00000000E+00
  0.00000000E+00      0.00000000E+00      0.23687382E+02      0.35855923E+05      0.32102811E+05     -0.27100988E-02
  0.00000000E+00      0.00000000E+00      0.23931548E+04      0.32102811E+05      0.12929241E+07     -0.43350849E+02
 -0.23687382E+02     -0.23931548E+04      0.00000000E+00     -0.27100988E-02     -0.43350849E+02      0.13062588E+07
Sect numeber          22
  0.21293173E+04      0.00000000E+00      0.00000000E+00      0.00000000E+00      0.00000000E+00     -0.23687382E+02
  0.00000000E+00      0.21293173E+04      0.00000000E+00      0.00000000E+00      0.00000000E+00     -0.23931548E+04
  0.00000000E+00      0.00000000E+00      0.21293173E+04      0.23687382E+02      0.23931548E+04      0.00000000E+00
  0.00000000E+00      0.00000000E+00      0.23687382E+02      0.35855923E+05      0.32102811E+05     -0.27100988E-02
  0.00000000E+00      0.00000000E+00      0.23931548E+04      0.32102811E+05      0.12929241E+07     -0.43350849E+02
 -0.23687382E+02     -0.23931548E+04      0.00000000E+00     -0.27100988E-02     -0.43350849E+02      0.13062588E+07
Sect numeber          23
  0.21293173E+04      0.00000000E+00      0.00000000E+00      0.00000000E+00      0.00000000E+00     -0.23687382E+02
  0.00000000E+00      0.21293173E+04      0.00000000E+00      0.00000000E+00      0.00000000E+00     -0.23931548E+04
  0.00000000E+00      0.00000000E+00      0.21293173E+04      0.23687382E+02      0.23931548E+04      0.00000000E+00
  0.00000000E+00      0.00000000E+00      0.23687382E+02      0.35855923E+05      0.32102811E+05     -0.27100988E-02
  0.00000000E+00      0.00000000E+00      0.23931548E+04      0.32102811E+05      0.12929241E+07     -0.43350849E+02
 -0.23687382E+02     -0.23931548E+04      0.00000000E+00     -0.27100988E-02     -0.43350849E+02      0.13062588E+07
Sect numeber          24
  0.21293173E+04      0.00000000E+00      0.00000000E+00      0.00000000E+00      0.00000000E+00     -0.23687382E+02
  0.00000000E+00      0.21293173E+04      0.00000000E+00      0.00000000E+00      0.00000000E+00     -0.23931548E+04
  0.00000000E+00      0.00000000E+00      0.21293173E+04      0.23687382E+02      0.23931548E+04      0.00000000E+00
  0.00000000E+00      0.00000000E+00      0.23687382E+02      0.35855923E+05      0.32102811E+05     -0.27100988E-02
  0.00000000E+00      0.00000000E+00      0.23931548E+04      0.32102811E+05      0.12929241E+07     -0.43350849E+02
 -0.23687382E+02     -0.23931548E+04      0.00000000E+00     -0.27100988E-02     -0.43350849E+02      0.13062588E+07
Sect numeber          25
  0.00000000E+00      0.00000000E+00      0.00000000E+00      0.00000000E+00      0.00000000E+00      0.00000000E+00
  0.00000000E+00      0.00000000E+00      0.00000000E+00      0.00000000E+00      0.00000000E+00      0.00000000E+00
  0.00000000E+00      0.00000000E+00      0.00000000E+00      0.00000000E+00      0.00000000E+00      0.00000000E+00
  0.00000000E+00      0.00000000E+00      0.00000000E+00      0.00000000E+00      0.00000000E+00      0.00000000E+00
  0.00000000E+00      0.00000000E+00      0.00000000E+00      0.00000000E+00      0.00000000E+00      0.00000000E+00
  0.00000000E+00      0.00000000E+00      0.00000000E+00      0.00000000E+00      0.00000000E+00      0.00000000E+00
Sect numeber          26
  0.20341431E+04      0.00000000E+00      0.00000000E+00      0.00000000E+00      0.00000000E+00      0.11843691E+04
  0.00000000E+00      0.20341431E+04      0.00000000E+00      0.00000000E+00      0.00000000E+00      0.36017434E+04
  0.00000000E+00      0.00000000E+00      0.20341431E+04     -0.11843691E+04     -0.36017434E+04      0.00000000E+00
  0.00000000E+00      0.00000000E+00     -0.11843691E+04      0.25394245E+05      0.20970962E+04     -0.29915530E-02
  0.00000000E+00      0.00000000E+00     -0.36017434E+04      0.20970962E+04      0.13260605E+07     -0.60824250E+02
  0.11843691E+04      0.36017434E+04      0.00000000E+00     -0.29915530E-02     -0.60824250E+02      0.13293552E+07
Sect numeber          27
  0.21700002E+04      0.00000000E+00      0.00000000E+00      0.00000000E+00      0.00000000E+00      0.42188475E-12
  0.00000000E+00      0.21700002E+04      0.00000000E+00      0.00000000E+00      0.00000000E+00      0.42627013E-11
  0.00000000E+00      0.00000000E+00      0.21700002E+04     -0.42188475E-12     -0.42627013E-11      0.00000000E+00
  0.00000000E+00      0.00000000E+00     -0.42188475E-12      0.36418807E+05      0.33496213E+05     -0.30313688E-02
  0.00000000E+00      0.00000000E+00     -0.42627013E-11      0.33496213E+05      0.14345845E+07     -0.47058663E+02
  0.42188475E-12      0.42627013E-11      0.00000000E+00     -0.30313688E-02     -0.47058663E+02      0.14475356E+07
[The hydrostatic restoring matrix]
 
AW=   0.9202E+03
Sy=  -0.4627E+04
hx=       5.3606
hy=     294.1020
C33=   0.9253E+04
C34=C43=    9864.6148
C35=C53=   0.4653E+05
C44=   0.1149E+06
C45=C54=  254472.3199
C46=       0.0000
C55=   0.6304E+07
C56=       0.0000
 
