       0.010      0.0000E+00      0.0000E+00      0.0000E+00      0.0000E+00      0.0000E+00      0.0000E+00      0.0000E+00      0.0000E+00      0.0000E+00      0.0000E+00      0.0000E+00      0.0000E+00      0.0000E+00      0.0000E+00      0.0000E+00      0.0000E+00      0.0000E+00      0.0000E+00      0.0000E+00      0.0000E+00      0.0000E+00      0.0000E+00      0.0000E+00      0.0000E+00      0.0000E+00      0.0000E+00      0.0000E+00      0.0000E+00      0.9246E-01      0.0000E+00      0.0000E+00
       0.020      0.0000E+00      0.0000E+00      0.0000E+00      0.0000E+00      0.0000E+00      0.0000E+00      0.0000E+00      0.0000E+00      0.0000E+00      0.0000E+00      0.0000E+00      0.0000E+00      0.0000E+00      0.0000E+00      0.0000E+00      0.0000E+00      0.0000E+00      0.0000E+00      0.0000E+00      0.0000E+00      0.0000E+00      0.0000E+00      0.0000E+00      0.0000E+00      0.0000E+00      0.0000E+00      0.0000E+00      0.0000E+00      0.8817E-01      0.0000E+00      0.0000E+00
       0.030      0.0000E+00      0.0000E+00      0.0000E+00      0.0000E+00      0.0000E+00      0.0000E+00      0.0000E+00      0.0000E+00      0.0000E+00      0.0000E+00      0.0000E+00      0.0000E+00      0.0000E+00      0.0000E+00      0.0000E+00      0.0000E+00      0.0000E+00      0.0000E+00      0.0000E+00      0.0000E+00      0.0000E+00      0.0000E+00      0.0000E+00      0.0000E+00      0.0000E+00      0.0000E+00      0.0000E+00      0.0000E+00      0.9436E-01      0.0000E+00      0.0000E+00
       0.040      0.0000E+00      0.0000E+00      0.0000E+00      0.0000E+00      0.0000E+00      0.0000E+00      0.0000E+00      0.0000E+00      0.0000E+00      0.0000E+00      0.0000E+00      0.0000E+00      0.0000E+00      0.0000E+00      0.0000E+00      0.0000E+00      0.0000E+00      0.0000E+00      0.0000E+00      0.0000E+00      0.0000E+00      0.0000E+00      0.0000E+00      0.0000E+00      0.0000E+00      0.0000E+00      0.0000E+00      0.0000E+00      0.9661E-01      0.0000E+00      0.0000E+00
       0.050      0.0000E+00      0.0000E+00      0.0000E+00      0.0000E+00      0.0000E+00      0.0000E+00      0.0000E+00      0.0000E+00      0.0000E+00      0.0000E+00      0.0000E+00      0.0000E+00      0.0000E+00      0.0000E+00      0.0000E+00      0.0000E+00      0.0000E+00      0.0000E+00      0.0000E+00      0.0000E+00      0.0000E+00      0.0000E+00      0.0000E+00      0.0000E+00      0.0000E+00      0.0000E+00      0.0000E+00      0.0000E+00      0.9882E-01      0.0000E+00      0.0000E+00
       0.060      0.0000E+00      0.0000E+00      0.0000E+00      0.0000E+00      0.0000E+00      0.0000E+00      0.0000E+00      0.0000E+00      0.0000E+00      0.0000E+00      0.0000E+00      0.0000E+00      0.0000E+00      0.0000E+00      0.0000E+00      0.0000E+00      0.0000E+00      0.0000E+00      0.0000E+00      0.0000E+00      0.0000E+00      0.0000E+00      0.0000E+00      0.0000E+00      0.0000E+00      0.0000E+00      0.0000E+00      0.0000E+00      0.0000E+00      0.0000E+00      0.0000E+00
       0.070      0.0000E+00      0.0000E+00      0.0000E+00      0.0000E+00      0.0000E+00      0.0000E+00      0.0000E+00      0.0000E+00      0.0000E+00      0.0000E+00      0.0000E+00      0.0000E+00      0.0000E+00      0.0000E+00      0.0000E+00      0.0000E+00      0.0000E+00      0.0000E+00      0.0000E+00      0.0000E+00      0.0000E+00      0.0000E+00      0.0000E+00      0.0000E+00      0.0000E+00      0.0000E+00      0.0000E+00      0.0000E+00      0.0000E+00      0.0000E+00      0.0000E+00
       0.080      0.0000E+00      0.0000E+00      0.0000E+00      0.0000E+00      0.0000E+00      0.0000E+00      0.0000E+00      0.0000E+00      0.0000E+00      0.0000E+00      0.0000E+00      0.0000E+00      0.0000E+00      0.0000E+00      0.0000E+00      0.0000E+00      0.0000E+00      0.0000E+00      0.0000E+00      0.0000E+00      0.0000E+00      0.0000E+00      0.0000E+00      0.0000E+00      0.0000E+00      0.0000E+00      0.0000E+00      0.0000E+00      0.0000E+00      0.0000E+00      0.0000E+00
       0.090      0.0000E+00      0.0000E+00      0.0000E+00      0.0000E+00      0.0000E+00      0.0000E+00      0.0000E+00      0.0000E+00      0.0000E+00      0.0000E+00      0.0000E+00      0.0000E+00      0.0000E+00      0.0000E+00      0.0000E+00      0.0000E+00      0.0000E+00      0.0000E+00      0.0000E+00      0.0000E+00      0.0000E+00      0.0000E+00      0.0000E+00      0.0000E+00      0.0000E+00      0.0000E+00      0.0000E+00      0.0000E+00      0.0000E+00      0.0000E+00      0.0000E+00
       0.100      0.0000E+00      0.0000E+00      0.0000E+00      0.0000E+00      0.0000E+00      0.0000E+00      0.0000E+00      0.0000E+00      0.0000E+00      0.0000E+00      0.0000E+00      0.0000E+00      0.0000E+00      0.0000E+00      0.0000E+00      0.0000E+00      0.0000E+00      0.0000E+00      0.0000E+00      0.0000E+00      0.0000E+00      0.0000E+00      0.0000E+00      0.0000E+00      0.0000E+00      0.0000E+00      0.0000E+00      0.0000E+00      0.0000E+00      0.0000E+00      0.0000E+00
       0.110      0.0000E+00      0.0000E+00      0.0000E+00      0.0000E+00      0.0000E+00      0.0000E+00      0.0000E+00      0.0000E+00      0.0000E+00      0.0000E+00      0.0000E+00      0.0000E+00      0.0000E+00      0.0000E+00      0.0000E+00      0.0000E+00      0.0000E+00      0.0000E+00      0.0000E+00      0.0000E+00      0.0000E+00      0.0000E+00      0.0000E+00      0.0000E+00      0.0000E+00      0.0000E+00      0.0000E+00      0.0000E+00      0.0000E+00      0.0000E+00      0.0000E+00
       0.120      0.0000E+00      0.0000E+00      0.0000E+00      0.0000E+00      0.0000E+00      0.0000E+00      0.0000E+00      0.0000E+00      0.0000E+00      0.0000E+00      0.0000E+00      0.0000E+00      0.0000E+00      0.0000E+00      0.0000E+00      0.0000E+00      0.0000E+00      0.0000E+00      0.0000E+00      0.0000E+00      0.0000E+00      0.0000E+00      0.0000E+00      0.0000E+00      0.0000E+00      0.0000E+00      0.0000E+00      0.0000E+00      0.0000E+00      0.0000E+00      0.0000E+00
       0.130      0.0000E+00      0.0000E+00      0.0000E+00      0.0000E+00      0.0000E+00      0.0000E+00      0.0000E+00      0.0000E+00      0.0000E+00      0.0000E+00      0.0000E+00      0.0000E+00      0.0000E+00      0.0000E+00      0.0000E+00      0.0000E+00      0.0000E+00      0.0000E+00      0.0000E+00      0.0000E+00      0.0000E+00      0.0000E+00      0.0000E+00      0.0000E+00      0.0000E+00      0.0000E+00      0.0000E+00      0.0000E+00      0.0000E+00      0.0000E+00      0.0000E+00
       0.140      0.0000E+00      0.0000E+00      0.0000E+00      0.0000E+00      0.0000E+00      0.0000E+00      0.0000E+00      0.0000E+00      0.0000E+00      0.0000E+00      0.0000E+00      0.0000E+00      0.0000E+00      0.0000E+00      0.0000E+00      0.0000E+00      0.0000E+00      0.0000E+00      0.0000E+00      0.0000E+00      0.0000E+00      0.0000E+00      0.0000E+00      0.0000E+00      0.0000E+00      0.0000E+00      0.0000E+00      0.0000E+00      0.0000E+00      0.0000E+00      0.0000E+00
       0.150      0.0000E+00      0.0000E+00      0.0000E+00      0.0000E+00      0.0000E+00      0.0000E+00      0.0000E+00      0.0000E+00      0.0000E+00      0.0000E+00      0.0000E+00      0.0000E+00      0.0000E+00      0.0000E+00      0.0000E+00      0.0000E+00      0.0000E+00      0.0000E+00      0.0000E+00      0.0000E+00      0.0000E+00      0.0000E+00      0.0000E+00      0.0000E+00      0.0000E+00      0.0000E+00      0.0000E+00      0.0000E+00      0.0000E+00      0.0000E+00      0.0000E+00
       0.160      0.0000E+00      0.0000E+00      0.0000E+00      0.0000E+00      0.0000E+00      0.0000E+00      0.0000E+00      0.0000E+00      0.0000E+00      0.0000E+00      0.0000E+00      0.0000E+00      0.0000E+00      0.0000E+00      0.0000E+00      0.0000E+00      0.0000E+00      0.0000E+00      0.0000E+00      0.0000E+00      0.0000E+00      0.0000E+00      0.0000E+00      0.0000E+00      0.0000E+00      0.0000E+00      0.0000E+00      0.0000E+00      0.0000E+00      0.0000E+00      0.0000E+00
       0.170      0.0000E+00      0.0000E+00      0.0000E+00      0.0000E+00      0.0000E+00      0.0000E+00      0.0000E+00      0.0000E+00      0.0000E+00      0.0000E+00      0.0000E+00      0.0000E+00      0.0000E+00      0.0000E+00      0.0000E+00      0.0000E+00      0.0000E+00      0.0000E+00      0.0000E+00      0.0000E+00      0.0000E+00      0.0000E+00      0.0000E+00      0.0000E+00      0.0000E+00      0.0000E+00      0.0000E+00      0.0000E+00      0.0000E+00      0.0000E+00      0.0000E+00
       0.180      0.0000E+00      0.0000E+00      0.0000E+00      0.0000E+00      0.0000E+00      0.0000E+00      0.0000E+00      0.0000E+00      0.0000E+00      0.0000E+00      0.0000E+00      0.0000E+00      0.0000E+00      0.0000E+00      0.0000E+00      0.0000E+00      0.0000E+00      0.0000E+00      0.0000E+00      0.0000E+00      0.0000E+00      0.0000E+00      0.0000E+00      0.0000E+00      0.0000E+00      0.0000E+00      0.0000E+00      0.0000E+00      0.0000E+00      0.0000E+00      0.0000E+00
       0.190      0.0000E+00      0.0000E+00      0.0000E+00      0.0000E+00      0.0000E+00      0.0000E+00      0.0000E+00      0.0000E+00      0.0000E+00      0.0000E+00      0.0000E+00      0.0000E+00      0.0000E+00      0.0000E+00      0.0000E+00      0.0000E+00      0.0000E+00      0.0000E+00      0.0000E+00      0.0000E+00      0.0000E+00      0.0000E+00      0.0000E+00      0.0000E+00      0.0000E+00      0.0000E+00      0.0000E+00      0.0000E+00      0.0000E+00      0.0000E+00      0.0000E+00
       0.200      0.0000E+00      0.0000E+00      0.0000E+00      0.0000E+00      0.0000E+00      0.0000E+00      0.0000E+00      0.0000E+00      0.0000E+00      0.0000E+00      0.0000E+00      0.0000E+00      0.0000E+00      0.0000E+00      0.0000E+00      0.0000E+00      0.0000E+00      0.0000E+00      0.0000E+00      0.0000E+00      0.0000E+00      0.0000E+00      0.0000E+00      0.0000E+00      0.0000E+00      0.0000E+00      0.0000E+00      0.0000E+00      0.0000E+00      0.0000E+00      0.0000E+00
       0.210      0.0000E+00      0.0000E+00      0.0000E+00      0.0000E+00      0.0000E+00      0.0000E+00      0.0000E+00      0.0000E+00      0.0000E+00      0.0000E+00      0.0000E+00      0.0000E+00      0.0000E+00      0.0000E+00      0.0000E+00      0.0000E+00      0.0000E+00      0.0000E+00      0.0000E+00      0.0000E+00      0.0000E+00      0.0000E+00      0.0000E+00      0.0000E+00      0.0000E+00      0.0000E+00      0.0000E+00      0.0000E+00      0.0000E+00      0.0000E+00      0.0000E+00
       0.220      0.0000E+00      0.0000E+00      0.0000E+00      0.0000E+00      0.0000E+00      0.0000E+00      0.0000E+00      0.0000E+00      0.0000E+00      0.0000E+00      0.0000E+00      0.0000E+00      0.0000E+00      0.0000E+00      0.0000E+00      0.0000E+00      0.0000E+00      0.0000E+00      0.0000E+00      0.0000E+00      0.0000E+00      0.0000E+00      0.0000E+00      0.0000E+00      0.0000E+00      0.0000E+00      0.0000E+00      0.0000E+00      0.0000E+00      0.0000E+00      0.0000E+00
       0.230      0.0000E+00      0.0000E+00      0.0000E+00      0.0000E+00      0.0000E+00      0.0000E+00      0.0000E+00      0.0000E+00      0.0000E+00      0.0000E+00      0.0000E+00      0.0000E+00      0.0000E+00      0.0000E+00      0.0000E+00      0.0000E+00      0.0000E+00      0.0000E+00      0.0000E+00      0.0000E+00      0.0000E+00      0.0000E+00      0.0000E+00      0.0000E+00      0.0000E+00      0.0000E+00      0.0000E+00      0.0000E+00      0.0000E+00      0.0000E+00      0.0000E+00
       0.240      0.0000E+00      0.0000E+00      0.0000E+00      0.0000E+00      0.0000E+00      0.0000E+00      0.0000E+00      0.0000E+00      0.0000E+00      0.0000E+00      0.0000E+00      0.0000E+00      0.0000E+00      0.0000E+00      0.0000E+00      0.0000E+00      0.0000E+00      0.0000E+00      0.0000E+00      0.0000E+00      0.0000E+00      0.0000E+00      0.0000E+00      0.0000E+00      0.0000E+00      0.0000E+00      0.0000E+00      0.0000E+00      0.0000E+00      0.0000E+00      0.0000E+00
       0.250      0.0000E+00      0.0000E+00      0.0000E+00      0.0000E+00      0.0000E+00      0.0000E+00      0.0000E+00      0.0000E+00      0.0000E+00      0.0000E+00      0.0000E+00      0.0000E+00      0.0000E+00      0.0000E+00      0.0000E+00      0.0000E+00      0.0000E+00      0.0000E+00      0.0000E+00      0.0000E+00      0.0000E+00      0.0000E+00      0.0000E+00      0.0000E+00      0.0000E+00      0.0000E+00      0.0000E+00      0.0000E+00      0.0000E+00      0.0000E+00      0.0000E+00
       0.260      0.0000E+00      0.0000E+00      0.0000E+00      0.0000E+00      0.0000E+00      0.0000E+00      0.0000E+00      0.0000E+00      0.0000E+00      0.0000E+00      0.0000E+00      0.0000E+00      0.0000E+00      0.0000E+00      0.0000E+00      0.0000E+00      0.0000E+00      0.0000E+00      0.0000E+00      0.0000E+00      0.0000E+00      0.0000E+00      0.0000E+00      0.0000E+00      0.0000E+00      0.0000E+00      0.0000E+00      0.0000E+00      0.0000E+00      0.0000E+00      0.0000E+00
       0.270      0.0000E+00      0.0000E+00      0.0000E+00      0.0000E+00      0.0000E+00      0.0000E+00      0.0000E+00      0.0000E+00      0.0000E+00      0.0000E+00      0.0000E+00      0.0000E+00      0.0000E+00      0.0000E+00      0.0000E+00      0.0000E+00      0.0000E+00      0.0000E+00      0.0000E+00      0.0000E+00      0.0000E+00      0.0000E+00      0.0000E+00      0.0000E+00      0.0000E+00      0.0000E+00      0.0000E+00      0.0000E+00      0.0000E+00      0.0000E+00      0.0000E+00
       0.280      0.0000E+00      0.0000E+00      0.0000E+00      0.0000E+00      0.0000E+00      0.0000E+00      0.0000E+00      0.0000E+00      0.0000E+00      0.0000E+00      0.0000E+00      0.0000E+00      0.0000E+00      0.0000E+00      0.0000E+00      0.0000E+00      0.0000E+00      0.0000E+00      0.0000E+00      0.0000E+00      0.0000E+00      0.0000E+00      0.0000E+00      0.0000E+00      0.0000E+00      0.0000E+00      0.0000E+00      0.0000E+00      0.0000E+00      0.0000E+00      0.0000E+00
       0.290      0.0000E+00      0.0000E+00      0.0000E+00      0.0000E+00      0.0000E+00      0.0000E+00      0.0000E+00      0.0000E+00      0.0000E+00      0.0000E+00      0.0000E+00      0.0000E+00      0.0000E+00      0.0000E+00      0.0000E+00      0.0000E+00      0.0000E+00      0.0000E+00      0.0000E+00      0.0000E+00      0.0000E+00      0.0000E+00      0.0000E+00      0.0000E+00      0.0000E+00      0.0000E+00      0.0000E+00      0.0000E+00      0.0000E+00      0.0000E+00      0.0000E+00
       0.300      0.0000E+00      0.0000E+00      0.0000E+00      0.0000E+00      0.0000E+00      0.0000E+00      0.0000E+00      0.0000E+00      0.0000E+00      0.0000E+00      0.0000E+00      0.0000E+00      0.0000E+00      0.0000E+00      0.0000E+00      0.0000E+00      0.0000E+00      0.0000E+00      0.0000E+00      0.0000E+00      0.0000E+00      0.0000E+00      0.0000E+00      0.0000E+00      0.0000E+00      0.0000E+00      0.0000E+00      0.0000E+00      0.0000E+00      0.0000E+00      0.0000E+00
