       0.005     -0.4467E+01      0.0000E+00
       0.010     -0.4467E+01      0.4109E-05
       0.015     -0.4467E+01      0.1695E-04
       0.020     -0.4467E+01      0.3887E-04
       0.025     -0.4468E+01      0.6970E-04
       0.030     -0.4468E+01      0.1087E-03
       0.035     -0.4468E+01      0.1546E-03
       0.040     -0.4468E+01      0.2055E-03
       0.045     -0.4468E+01      0.2591E-03
       0.050     -0.4469E+01      0.3128E-03
       0.055     -0.4469E+01      0.3635E-03
       0.060     -0.4469E+01      0.4076E-03
       0.065     -0.4469E+01      0.4417E-03
       0.070     -0.4470E+01      0.4620E-03
       0.075     -0.4470E+01      0.4649E-03
       0.080     -0.4470E+01      0.4465E-03
       0.085     -0.4471E+01      0.4036E-03
       0.090     -0.4471E+01      0.3330E-03
       0.095     -0.4472E+01      0.2320E-03
       0.100     -0.4472E+01      0.9826E-04
       0.105     -0.4473E+01     -0.6973E-04
       0.110     -0.4473E+01     -0.2729E-03
       0.115     -0.4474E+01     -0.5114E-03
       0.120     -0.4474E+01     -0.7847E-03
       0.125     -0.4475E+01     -0.1091E-02
       0.130     -0.4475E+01     -0.1428E-02
       0.135     -0.4476E+01     -0.1792E-02
       0.140     -0.4476E+01     -0.2180E-02
       0.145     -0.4477E+01     -0.2585E-02
       0.150     -0.4478E+01     -0.3002E-02
       0.155     -0.4478E+01     -0.3424E-02
       0.160     -0.4479E+01     -0.3843E-02
       0.165     -0.4479E+01     -0.4251E-02
       0.170     -0.4480E+01     -0.4640E-02
       0.175     -0.4481E+01     -0.4999E-02
       0.180     -0.4481E+01     -0.5321E-02
       0.185     -0.4482E+01     -0.5594E-02
       0.190     -0.4483E+01     -0.5811E-02
       0.195     -0.4484E+01     -0.5960E-02
       0.200     -0.4484E+01     -0.6035E-02
       0.205     -0.4485E+01     -0.6026E-02
       0.210     -0.4486E+01     -0.5926E-02
       0.215     -0.4486E+01     -0.5729E-02
       0.220     -0.4487E+01     -0.5429E-02
       0.225     -0.4488E+01     -0.5021E-02
       0.230     -0.4488E+01     -0.4504E-02
       0.235     -0.4489E+01     -0.3876E-02
       0.240     -0.4490E+01     -0.3137E-02
       0.245     -0.4491E+01     -0.2290E-02
       0.250     -0.4491E+01     -0.1339E-02
       0.255     -0.4492E+01     -0.2891E-03
       0.260     -0.4493E+01      0.8513E-03
       0.265     -0.4493E+01      0.2073E-02
       0.270     -0.4494E+01      0.3364E-02
       0.275     -0.4495E+01      0.4711E-02
       0.280     -0.4496E+01      0.6100E-02
       0.285     -0.4496E+01      0.7514E-02
       0.290     -0.4497E+01      0.8935E-02
       0.295     -0.4498E+01      0.1034E-01
       0.300     -0.4499E+01      0.1172E-01
       0.305     -0.4499E+01      0.1305E-01
       0.310     -0.4500E+01      0.1430E-01
       0.315     -0.4501E+01      0.1546E-01
       0.320     -0.4501E+01      0.1650E-01
       0.325     -0.4502E+01      0.1741E-01
       0.330     -0.4503E+01      0.1816E-01
       0.335     -0.4503E+01      0.1873E-01
       0.340     -0.4504E+01      0.1911E-01
       0.345     -0.4505E+01      0.1928E-01
       0.350     -0.4506E+01      0.1923E-01
       0.355     -0.4506E+01      0.1895E-01
       0.360     -0.4507E+01      0.1841E-01
       0.365     -0.4508E+01      0.1763E-01
       0.370     -0.4508E+01      0.1659E-01
       0.375     -0.4509E+01      0.1530E-01
       0.380     -0.4510E+01      0.1375E-01
       0.385     -0.4510E+01      0.1196E-01
       0.390     -0.4511E+01      0.9935E-02
       0.395     -0.4512E+01      0.7683E-02
       0.400     -0.4512E+01      0.5224E-02
       0.405     -0.4513E+01      0.2579E-02
       0.410     -0.4513E+01     -0.2299E-03
       0.415     -0.4514E+01     -0.3175E-02
       0.420     -0.4515E+01     -0.6228E-02
       0.425     -0.4515E+01     -0.9357E-02
       0.430     -0.4516E+01     -0.1253E-01
       0.435     -0.4516E+01     -0.1570E-01
       0.440     -0.4517E+01     -0.1884E-01
       0.445     -0.4518E+01     -0.2191E-01
       0.450     -0.4518E+01     -0.2486E-01
       0.455     -0.4519E+01     -0.2766E-01
       0.460     -0.4519E+01     -0.3027E-01
       0.465     -0.4520E+01     -0.3265E-01
       0.470     -0.4520E+01     -0.3475E-01
       0.475     -0.4521E+01     -0.3655E-01
       0.480     -0.4521E+01     -0.3801E-01
       0.485     -0.4522E+01     -0.3910E-01
       0.490     -0.4522E+01     -0.3978E-01
       0.495     -0.4523E+01     -0.4005E-01
       0.500     -0.4523E+01     -0.3986E-01
       0.505     -0.4524E+01     -0.3922E-01
       0.510     -0.4524E+01     -0.3812E-01
       0.515     -0.4525E+01     -0.3653E-01
       0.520     -0.4525E+01     -0.3447E-01
       0.525     -0.4526E+01     -0.3195E-01
       0.530     -0.4526E+01     -0.2897E-01
       0.535     -0.4526E+01     -0.2555E-01
       0.540     -0.4527E+01     -0.2172E-01
       0.545     -0.4527E+01     -0.1750E-01
       0.550     -0.4528E+01     -0.1293E-01
       0.555     -0.4528E+01     -0.8049E-02
       0.560     -0.4529E+01     -0.2906E-02
       0.565     -0.4529E+01      0.2452E-02
       0.570     -0.4529E+01      0.7970E-02
       0.575     -0.4530E+01      0.1359E-01
       0.580     -0.4530E+01      0.1925E-01
       0.585     -0.4530E+01      0.2489E-01
       0.590     -0.4531E+01      0.3044E-01
       0.595     -0.4531E+01      0.3584E-01
       0.600     -0.4531E+01      0.4102E-01
       0.605     -0.4532E+01      0.4592E-01
       0.610     -0.4532E+01      0.5046E-01
       0.615     -0.4532E+01      0.5459E-01
       0.620     -0.4533E+01      0.5824E-01
       0.625     -0.4533E+01      0.6136E-01
       0.630     -0.4533E+01      0.6391E-01
       0.635     -0.4534E+01      0.6582E-01
       0.640     -0.4534E+01      0.6706E-01
       0.645     -0.4534E+01      0.6760E-01
       0.650     -0.4534E+01      0.6741E-01
       0.655     -0.4535E+01      0.6647E-01
       0.660     -0.4535E+01      0.6477E-01
       0.665     -0.4535E+01      0.6230E-01
       0.670     -0.4535E+01      0.5907E-01
       0.675     -0.4536E+01      0.5510E-01
       0.680     -0.4536E+01      0.5041E-01
       0.685     -0.4536E+01      0.4503E-01
       0.690     -0.4536E+01      0.3900E-01
       0.695     -0.4537E+01      0.3238E-01
       0.700     -0.4537E+01      0.2521E-01
       0.705     -0.4537E+01      0.1757E-01
       0.710     -0.4537E+01      0.9526E-02
       0.715     -0.4537E+01      0.1161E-02
       0.720     -0.4537E+01     -0.7442E-02
       0.725     -0.4538E+01     -0.1619E-01
       0.730     -0.4538E+01     -0.2500E-01
       0.735     -0.4538E+01     -0.3376E-01
       0.740     -0.4538E+01     -0.4238E-01
       0.745     -0.4538E+01     -0.5076E-01
       0.750     -0.4538E+01     -0.5879E-01
       0.755     -0.4539E+01     -0.6639E-01
       0.760     -0.4539E+01     -0.7346E-01
       0.765     -0.4539E+01     -0.7989E-01
       0.770     -0.4539E+01     -0.8562E-01
       0.775     -0.4539E+01     -0.9055E-01
       0.780     -0.4539E+01     -0.9461E-01
       0.785     -0.4539E+01     -0.9774E-01
       0.790     -0.4540E+01     -0.9987E-01
       0.795     -0.4540E+01     -0.1010E+00
       0.800     -0.4540E+01     -0.1010E+00
       0.805     -0.4540E+01     -0.9991E-01
       0.810     -0.4540E+01     -0.9772E-01
       0.815     -0.4540E+01     -0.9441E-01
       0.820     -0.4540E+01     -0.8999E-01
       0.825     -0.4540E+01     -0.8449E-01
       0.830     -0.4540E+01     -0.7795E-01
       0.835     -0.4540E+01     -0.7041E-01
       0.840     -0.4540E+01     -0.6194E-01
       0.845     -0.4540E+01     -0.5261E-01
       0.850     -0.4541E+01     -0.4249E-01
       0.855     -0.4541E+01     -0.3169E-01
       0.860     -0.4541E+01     -0.2032E-01
       0.865     -0.4541E+01     -0.8472E-02
       0.870     -0.4541E+01      0.3718E-02
       0.875     -0.4541E+01      0.1613E-01
       0.880     -0.4541E+01      0.2863E-01
       0.885     -0.4541E+01      0.4108E-01
       0.890     -0.4541E+01      0.5334E-01
       0.895     -0.4541E+01      0.6528E-01
       0.900     -0.4541E+01      0.7676E-01
       0.905     -0.4541E+01      0.8764E-01
       0.910     -0.4541E+01      0.9778E-01
       0.915     -0.4541E+01      0.1071E+00
       0.920     -0.4541E+01      0.1154E+00
       0.925     -0.4541E+01      0.1226E+00
       0.930     -0.4541E+01      0.1287E+00
       0.935     -0.4541E+01      0.1335E+00
       0.940     -0.4541E+01      0.1369E+00
       0.945     -0.4541E+01      0.1389E+00
       0.950     -0.4541E+01      0.1394E+00
       0.955     -0.4541E+01      0.1385E+00
       0.960     -0.4541E+01      0.1360E+00
       0.965     -0.4541E+01      0.1320E+00
       0.970     -0.4541E+01      0.1265E+00
       0.975     -0.4541E+01      0.1195E+00
       0.980     -0.4541E+01      0.1111E+00
       0.985     -0.4541E+01      0.1014E+00
       0.990     -0.4541E+01      0.9035E-01
       0.995     -0.4541E+01      0.7815E-01
       1.000     -0.4541E+01      0.6489E-01
       1.005     -0.4541E+01      0.5069E-01
       1.010     -0.4541E+01      0.3569E-01
       1.015     -0.4540E+01      0.2003E-01
       1.020     -0.4540E+01      0.3889E-02
       1.025     -0.4540E+01     -0.1258E-01
       1.030     -0.4540E+01     -0.2920E-01
       1.035     -0.4540E+01     -0.4579E-01
       1.040     -0.4540E+01     -0.6217E-01
       1.045     -0.4540E+01     -0.7815E-01
       1.050     -0.4540E+01     -0.9357E-01
       1.055     -0.4540E+01     -0.1082E+00
       1.060     -0.4540E+01     -0.1220E+00
       1.065     -0.4540E+01     -0.1346E+00
       1.070     -0.4540E+01     -0.1460E+00
       1.075     -0.4539E+01     -0.1560E+00
       1.080     -0.4539E+01     -0.1645E+00
       1.085     -0.4539E+01     -0.1714E+00
       1.090     -0.4539E+01     -0.1765E+00
       1.095     -0.4539E+01     -0.1798E+00
       1.100     -0.4539E+01     -0.1813E+00
       1.105     -0.4539E+01     -0.1807E+00
       1.110     -0.4539E+01     -0.1783E+00
       1.115     -0.4539E+01     -0.1739E+00
       1.120     -0.4538E+01     -0.1675E+00
       1.125     -0.4538E+01     -0.1592E+00
       1.130     -0.4538E+01     -0.1491E+00
       1.135     -0.4538E+01     -0.1372E+00
       1.140     -0.4538E+01     -0.1237E+00
       1.145     -0.4538E+01     -0.1086E+00
       1.150     -0.4538E+01     -0.9216E-01
       1.155     -0.4537E+01     -0.7447E-01
       1.160     -0.4537E+01     -0.5571E-01
       1.165     -0.4537E+01     -0.3607E-01
       1.170     -0.4537E+01     -0.1576E-01
       1.175     -0.4537E+01      0.5010E-02
       1.180     -0.4537E+01      0.2603E-01
       1.185     -0.4537E+01      0.4707E-01
       1.190     -0.4536E+01      0.6790E-01
       1.195     -0.4536E+01      0.8830E-01
       1.200     -0.4536E+01      0.1080E+00
       1.205     -0.4536E+01      0.1269E+00
       1.210     -0.4536E+01      0.1446E+00
       1.215     -0.4535E+01      0.1611E+00
       1.220     -0.4535E+01      0.1760E+00
       1.225     -0.4535E+01      0.1892E+00
       1.230     -0.4535E+01      0.2006E+00
       1.235     -0.4535E+01      0.2100E+00
       1.240     -0.4534E+01      0.2172E+00
       1.245     -0.4534E+01      0.2223E+00
       1.250     -0.4534E+01      0.2249E+00
       1.255     -0.4534E+01      0.2253E+00
       1.260     -0.4534E+01      0.2231E+00
       1.265     -0.4533E+01      0.2186E+00
       1.270     -0.4533E+01      0.2117E+00
       1.275     -0.4533E+01      0.2024E+00
       1.280     -0.4533E+01      0.1908E+00
       1.285     -0.4532E+01      0.1770E+00
       1.290     -0.4532E+01      0.1611E+00
       1.295     -0.4532E+01      0.1433E+00
       1.300     -0.4532E+01      0.1237E+00
       1.305     -0.4532E+01      0.1026E+00
       1.310     -0.4531E+01      0.8011E-01
       1.315     -0.4531E+01      0.5648E-01
       1.320     -0.4531E+01      0.3196E-01
       1.325     -0.4531E+01      0.6795E-02
       1.330     -0.4530E+01     -0.1874E-01
       1.335     -0.4530E+01     -0.4439E-01
       1.340     -0.4530E+01     -0.6986E-01
       1.345     -0.4530E+01     -0.9488E-01
       1.350     -0.4529E+01     -0.1192E+00
       1.355     -0.4529E+01     -0.1425E+00
       1.360     -0.4529E+01     -0.1645E+00
       1.365     -0.4529E+01     -0.1851E+00
       1.370     -0.4528E+01     -0.2038E+00
       1.375     -0.4528E+01     -0.2207E+00
       1.380     -0.4528E+01     -0.2353E+00
       1.385     -0.4527E+01     -0.2476E+00
       1.390     -0.4527E+01     -0.2573E+00
       1.395     -0.4527E+01     -0.2644E+00
       1.400     -0.4527E+01     -0.2688E+00
       1.405     -0.4526E+01     -0.2703E+00
       1.410     -0.4526E+01     -0.2689E+00
       1.415     -0.4526E+01     -0.2647E+00
       1.420     -0.4526E+01     -0.2575E+00
       1.425     -0.4525E+01     -0.2476E+00
       1.430     -0.4525E+01     -0.2348E+00
       1.435     -0.4525E+01     -0.2194E+00
       1.440     -0.4525E+01     -0.2015E+00
       1.445     -0.4524E+01     -0.1813E+00
       1.450     -0.4524E+01     -0.1589E+00
       1.455     -0.4524E+01     -0.1345E+00
       1.460     -0.4524E+01     -0.1085E+00
       1.465     -0.4523E+01     -0.8102E-01
       1.470     -0.4523E+01     -0.5241E-01
       1.475     -0.4523E+01     -0.2295E-01
       1.480     -0.4523E+01      0.7047E-02
       1.485     -0.4522E+01      0.3727E-01
       1.490     -0.4522E+01      0.6740E-01
       1.495     -0.4522E+01      0.9709E-01
       1.500     -0.4522E+01      0.1260E+00
       1.505     -0.4521E+01      0.1539E+00
       1.510     -0.4521E+01      0.1804E+00
       1.515     -0.4521E+01      0.2053E+00
       1.520     -0.4521E+01      0.2281E+00
       1.525     -0.4520E+01      0.2488E+00
       1.530     -0.4520E+01      0.2670E+00
       1.535     -0.4520E+01      0.2825E+00
       1.540     -0.4520E+01      0.2951E+00
       1.545     -0.4520E+01      0.3047E+00
       1.550     -0.4519E+01      0.3111E+00
       1.555     -0.4519E+01      0.3142E+00
       1.560     -0.4519E+01      0.3140E+00
       1.565     -0.4519E+01      0.3105E+00
       1.570     -0.4519E+01      0.3036E+00
       1.575     -0.4519E+01      0.2934E+00
       1.580     -0.4518E+01      0.2800E+00
       1.585     -0.4518E+01      0.2634E+00
       1.590     -0.4518E+01      0.2440E+00
       1.595     -0.4518E+01      0.2217E+00
       1.600     -0.4518E+01      0.1969E+00
       1.605     -0.4518E+01      0.1697E+00
       1.610     -0.4517E+01      0.1405E+00
       1.615     -0.4517E+01      0.1096E+00
       1.620     -0.4517E+01      0.7723E-01
       1.625     -0.4517E+01      0.4376E-01
       1.630     -0.4517E+01      0.9556E-02
       1.635     -0.4517E+01     -0.2504E-01
       1.640     -0.4517E+01     -0.5965E-01
       1.645     -0.4517E+01     -0.9390E-01
       1.650     -0.4517E+01     -0.1274E+00
       1.655     -0.4517E+01     -0.1599E+00
       1.660     -0.4516E+01     -0.1909E+00
       1.665     -0.4516E+01     -0.2201E+00
       1.670     -0.4516E+01     -0.2472E+00
       1.675     -0.4516E+01     -0.2719E+00
       1.680     -0.4516E+01     -0.2938E+00
       1.685     -0.4516E+01     -0.3128E+00
       1.690     -0.4516E+01     -0.3287E+00
       1.695     -0.4516E+01     -0.3411E+00
       1.700     -0.4516E+01     -0.3500E+00
       1.705     -0.4516E+01     -0.3552E+00
       1.710     -0.4516E+01     -0.3567E+00
       1.715     -0.4516E+01     -0.3544E+00
       1.720     -0.4516E+01     -0.3484E+00
       1.725     -0.4516E+01     -0.3385E+00
       1.730     -0.4516E+01     -0.3250E+00
       1.735     -0.4516E+01     -0.3079E+00
       1.740     -0.4516E+01     -0.2874E+00
       1.745     -0.4516E+01     -0.2638E+00
       1.750     -0.4516E+01     -0.2371E+00
       1.755     -0.4516E+01     -0.2077E+00
       1.760     -0.4516E+01     -0.1759E+00
       1.765     -0.4516E+01     -0.1420E+00
       1.770     -0.4516E+01     -0.1064E+00
       1.775     -0.4516E+01     -0.6937E-01
       1.780     -0.4516E+01     -0.3136E-01
       1.785     -0.4516E+01      0.7237E-02
       1.790     -0.4516E+01      0.4602E-01
       1.795     -0.4516E+01      0.8458E-01
       1.800     -0.4516E+01      0.1225E+00
       1.805     -0.4516E+01      0.1594E+00
       1.810     -0.4516E+01      0.1948E+00
       1.815     -0.4516E+01      0.2283E+00
       1.820     -0.4516E+01      0.2597E+00
       1.825     -0.4516E+01      0.2885E+00
       1.830     -0.4516E+01      0.3144E+00
       1.835     -0.4516E+01      0.3371E+00
       1.840     -0.4516E+01      0.3564E+00
       1.845     -0.4516E+01      0.3721E+00
       1.850     -0.4516E+01      0.3838E+00
       1.855     -0.4516E+01      0.3916E+00
       1.860     -0.4516E+01      0.3953E+00
       1.865     -0.4516E+01      0.3947E+00
       1.870     -0.4517E+01      0.3900E+00
       1.875     -0.4517E+01      0.3811E+00
       1.880     -0.4517E+01      0.3681E+00
       1.885     -0.4517E+01      0.3511E+00
       1.890     -0.4517E+01      0.3303E+00
       1.895     -0.4517E+01      0.3058E+00
       1.900     -0.4517E+01      0.2780E+00
       1.905     -0.4517E+01      0.2470E+00
       1.910     -0.4517E+01      0.2133E+00
       1.915     -0.4517E+01      0.1770E+00
       1.920     -0.4517E+01      0.1387E+00
       1.925     -0.4517E+01      0.9875E-01
       1.930     -0.4517E+01      0.5750E-01
       1.935     -0.4517E+01      0.1541E-01
       1.940     -0.4517E+01     -0.2707E-01
       1.945     -0.4517E+01     -0.6950E-01
       1.950     -0.4518E+01     -0.1114E+00
       1.955     -0.4518E+01     -0.1524E+00
       1.960     -0.4518E+01     -0.1919E+00
       1.965     -0.4518E+01     -0.2296E+00
       1.970     -0.4518E+01     -0.2651E+00
       1.975     -0.4518E+01     -0.2980E+00
       1.980     -0.4518E+01     -0.3278E+00
       1.985     -0.4518E+01     -0.3543E+00
       1.990     -0.4518E+01     -0.3772E+00
       1.995     -0.4518E+01     -0.3962E+00
       2.000     -0.4518E+01     -0.4111E+00
       2.005     -0.4519E+01     -0.4217E+00
       2.010     -0.4519E+01     -0.4279E+00
       2.015     -0.4519E+01     -0.4296E+00
       2.020     -0.4519E+01     -0.4267E+00
       2.025     -0.4519E+01     -0.4193E+00
       2.030     -0.4519E+01     -0.4074E+00
       2.035     -0.4519E+01     -0.3911E+00
       2.040     -0.4519E+01     -0.3706E+00
       2.045     -0.4519E+01     -0.3461E+00
       2.050     -0.4520E+01     -0.3178E+00
       2.055     -0.4520E+01     -0.2860E+00
       2.060     -0.4520E+01     -0.2510E+00
       2.065     -0.4520E+01     -0.2132E+00
       2.070     -0.4520E+01     -0.1729E+00
       2.075     -0.4520E+01     -0.1307E+00
       2.080     -0.4520E+01     -0.8691E-01
       2.085     -0.4520E+01     -0.4200E-01
       2.090     -0.4520E+01      0.3549E-02
       2.095     -0.4521E+01      0.4925E-01
       2.100     -0.4521E+01      0.9461E-01
       2.105     -0.4521E+01      0.1392E+00
       2.110     -0.4521E+01      0.1824E+00
       2.115     -0.4521E+01      0.2239E+00
       2.120     -0.4521E+01      0.2632E+00
       2.125     -0.4521E+01      0.2998E+00
       2.130     -0.4521E+01      0.3335E+00
       2.135     -0.4521E+01      0.3637E+00
       2.140     -0.4522E+01      0.3901E+00
       2.145     -0.4522E+01      0.4126E+00
       2.150     -0.4522E+01      0.4307E+00
       2.155     -0.4522E+01      0.4444E+00
       2.160     -0.4522E+01      0.4533E+00
       2.165     -0.4522E+01      0.4576E+00
       2.170     -0.4522E+01      0.4569E+00
       2.175     -0.4522E+01      0.4515E+00
       2.180     -0.4522E+01      0.4412E+00
       2.185     -0.4523E+01      0.4262E+00
       2.190     -0.4523E+01      0.4067E+00
       2.195     -0.4523E+01      0.3827E+00
       2.200     -0.4523E+01      0.3547E+00
       2.205     -0.4523E+01      0.3228E+00
       2.210     -0.4523E+01      0.2873E+00
       2.215     -0.4523E+01      0.2487E+00
       2.220     -0.4523E+01      0.2073E+00
       2.225     -0.4523E+01      0.1636E+00
       2.230     -0.4523E+01      0.1181E+00
       2.235     -0.4524E+01      0.7112E-01
       2.240     -0.4524E+01      0.2327E-01
       2.245     -0.4524E+01     -0.2498E-01
       2.250     -0.4524E+01     -0.7311E-01
       2.255     -0.4524E+01     -0.1206E+00
       2.260     -0.4524E+01     -0.1670E+00
       2.265     -0.4524E+01     -0.2117E+00
       2.270     -0.4524E+01     -0.2543E+00
       2.275     -0.4524E+01     -0.2943E+00
       2.280     -0.4524E+01     -0.3314E+00
       2.285     -0.4525E+01     -0.3650E+00
       2.290     -0.4525E+01     -0.3948E+00
       2.295     -0.4525E+01     -0.4205E+00
       2.300     -0.4525E+01     -0.4419E+00
       2.305     -0.4525E+01     -0.4586E+00
       2.310     -0.4525E+01     -0.4705E+00
       2.315     -0.4525E+01     -0.4775E+00
       2.320     -0.4525E+01     -0.4794E+00
       2.325     -0.4525E+01     -0.4762E+00
       2.330     -0.4525E+01     -0.4680E+00
       2.335     -0.4525E+01     -0.4548E+00
       2.340     -0.4525E+01     -0.4368E+00
       2.345     -0.4526E+01     -0.4141E+00
       2.350     -0.4526E+01     -0.3869E+00
       2.355     -0.4526E+01     -0.3556E+00
       2.360     -0.4526E+01     -0.3205E+00
       2.365     -0.4526E+01     -0.2818E+00
       2.370     -0.4526E+01     -0.2402E+00
       2.375     -0.4526E+01     -0.1959E+00
       2.380     -0.4526E+01     -0.1494E+00
       2.385     -0.4526E+01     -0.1012E+00
       2.390     -0.4526E+01     -0.5188E-01
       2.395     -0.4526E+01     -0.1906E-02
       2.400     -0.4526E+01      0.4818E-01
       2.405     -0.4526E+01      0.9786E-01
       2.410     -0.4526E+01      0.1466E+00
       2.415     -0.4526E+01      0.1939E+00
       2.420     -0.4526E+01      0.2391E+00
       2.425     -0.4526E+01      0.2820E+00
       2.430     -0.4526E+01      0.3219E+00
       2.435     -0.4526E+01      0.3585E+00
       2.440     -0.4526E+01      0.3913E+00
       2.445     -0.4526E+01      0.4201E+00
       2.450     -0.4527E+01      0.4444E+00
       2.455     -0.4527E+01      0.4641E+00
       2.460     -0.4527E+01      0.4788E+00
       2.465     -0.4527E+01      0.4886E+00
       2.470     -0.4527E+01      0.4931E+00
       2.475     -0.4527E+01      0.4925E+00
       2.480     -0.4527E+01      0.4866E+00
       2.485     -0.4527E+01      0.4756E+00
       2.490     -0.4527E+01      0.4595E+00
       2.495     -0.4527E+01      0.4385E+00
       2.500     -0.4527E+01      0.4129E+00
       2.505     -0.4527E+01      0.3829E+00
       2.510     -0.4527E+01      0.3487E+00
       2.515     -0.4527E+01      0.3109E+00
       2.520     -0.4527E+01      0.2697E+00
       2.525     -0.4527E+01      0.2256E+00
       2.530     -0.4527E+01      0.1791E+00
       2.535     -0.4527E+01      0.1306E+00
       2.540     -0.4527E+01      0.8071E-01
       2.545     -0.4527E+01      0.2991E-01
       2.550     -0.4527E+01     -0.2124E-01
       2.555     -0.4527E+01     -0.7220E-01
       2.560     -0.4527E+01     -0.1224E+00
       2.565     -0.4527E+01     -0.1714E+00
       2.570     -0.4527E+01     -0.2186E+00
       2.575     -0.4527E+01     -0.2635E+00
       2.580     -0.4527E+01     -0.3057E+00
       2.585     -0.4527E+01     -0.3446E+00
       2.590     -0.4527E+01     -0.3800E+00
       2.595     -0.4527E+01     -0.4113E+00
       2.600     -0.4527E+01     -0.4382E+00
       2.605     -0.4527E+01     -0.4606E+00
       2.610     -0.4527E+01     -0.4781E+00
       2.615     -0.4527E+01     -0.4905E+00
       2.620     -0.4527E+01     -0.4977E+00
       2.625     -0.4527E+01     -0.4997E+00
       2.630     -0.4527E+01     -0.4963E+00
       2.635     -0.4527E+01     -0.4878E+00
       2.640     -0.4527E+01     -0.4740E+00
       2.645     -0.4527E+01     -0.4552E+00
       2.650     -0.4527E+01     -0.4317E+00
       2.655     -0.4527E+01     -0.4035E+00
       2.660     -0.4527E+01     -0.3711E+00
       2.665     -0.4527E+01     -0.3347E+00
       2.670     -0.4527E+01     -0.2948E+00
       2.675     -0.4527E+01     -0.2518E+00
       2.680     -0.4528E+01     -0.2061E+00
       2.685     -0.4528E+01     -0.1582E+00
       2.690     -0.4528E+01     -0.1087E+00
       2.695     -0.4528E+01     -0.5800E-01
       2.700     -0.4528E+01     -0.6705E-02
       2.705     -0.4528E+01      0.4466E-01
       2.710     -0.4528E+01      0.9555E-01
       2.715     -0.4528E+01      0.1454E+00
       2.720     -0.4528E+01      0.1938E+00
       2.725     -0.4528E+01      0.2401E+00
       2.730     -0.4528E+01      0.2838E+00
       2.735     -0.4528E+01      0.3246E+00
       2.740     -0.4528E+01      0.3619E+00
       2.745     -0.4528E+01      0.3954E+00
       2.750     -0.4528E+01      0.4248E+00
       2.755     -0.4528E+01      0.4496E+00
       2.760     -0.4528E+01      0.4697E+00
       2.765     -0.4528E+01      0.4848E+00
       2.770     -0.4528E+01      0.4948E+00
       2.775     -0.4528E+01      0.4996E+00
       2.780     -0.4528E+01      0.4991E+00
       2.785     -0.4528E+01      0.4933E+00
       2.790     -0.4528E+01      0.4823E+00
       2.795     -0.4528E+01      0.4662E+00
       2.800     -0.4528E+01      0.4452E+00
       2.805     -0.4528E+01      0.4194E+00
       2.810     -0.4528E+01      0.3893E+00
       2.815     -0.4528E+01      0.3550E+00
       2.820     -0.4528E+01      0.3170E+00
       2.825     -0.4528E+01      0.2756E+00
       2.830     -0.4528E+01      0.2313E+00
       2.835     -0.4528E+01      0.1845E+00
       2.840     -0.4528E+01      0.1359E+00
       2.845     -0.4528E+01      0.8574E-01
       2.850     -0.4528E+01      0.3471E-01
       2.855     -0.4528E+01     -0.1669E-01
       2.860     -0.4528E+01     -0.6791E-01
       2.865     -0.4528E+01     -0.1184E+00
       2.870     -0.4528E+01     -0.1677E+00
       2.875     -0.4528E+01     -0.2151E+00
       2.880     -0.4528E+01     -0.2603E+00
       2.885     -0.4528E+01     -0.3028E+00
       2.890     -0.4528E+01     -0.3420E+00
       2.895     -0.4528E+01     -0.3777E+00
       2.900     -0.4528E+01     -0.4093E+00
       2.905     -0.4528E+01     -0.4366E+00
       2.910     -0.4528E+01     -0.4593E+00
       2.915     -0.4528E+01     -0.4772E+00
       2.920     -0.4528E+01     -0.4900E+00
       2.925     -0.4528E+01     -0.4976E+00
       2.930     -0.4528E+01     -0.5000E+00
       2.935     -0.4528E+01     -0.4971E+00
       2.940     -0.4528E+01     -0.4889E+00
       2.945     -0.4528E+01     -0.4756E+00
       2.950     -0.4528E+01     -0.4572E+00
       2.955     -0.4528E+01     -0.4340E+00
       2.960     -0.4529E+01     -0.4062E+00
       2.965     -0.4529E+01     -0.3742E+00
       2.970     -0.4529E+01     -0.3381E+00
       2.975     -0.4529E+01     -0.2985E+00
       2.980     -0.4529E+01     -0.2558E+00
       2.985     -0.4529E+01     -0.2103E+00
       2.990     -0.4529E+01     -0.1626E+00
       2.995     -0.4529E+01     -0.1132E+00
       3.000     -0.4529E+01     -0.6261E-01
       3.005     -0.4529E+01     -0.1135E-01
       3.010     -0.4529E+01      0.4003E-01
       3.015     -0.4529E+01      0.9099E-01
       3.020     -0.4529E+01      0.1410E+00
       3.025     -0.4529E+01      0.1895E+00
       3.030     -0.4529E+01      0.2360E+00
       3.035     -0.4529E+01      0.2800E+00
       3.040     -0.4529E+01      0.3211E+00
       3.045     -0.4529E+01      0.3587E+00
       3.050     -0.4529E+01      0.3926E+00
       3.055     -0.4529E+01      0.4223E+00
       3.060     -0.4529E+01      0.4476E+00
       3.065     -0.4529E+01      0.4681E+00
       3.070     -0.4529E+01      0.4837E+00
       3.075     -0.4529E+01      0.4941E+00
       3.080     -0.4529E+01      0.4994E+00
       3.085     -0.4529E+01      0.4993E+00
       3.090     -0.4529E+01      0.4940E+00
       3.095     -0.4529E+01      0.4835E+00
       3.100     -0.4529E+01      0.4678E+00
       3.105     -0.4529E+01      0.4472E+00
       3.110     -0.4529E+01      0.4219E+00
       3.115     -0.4529E+01      0.3921E+00
       3.120     -0.4529E+01      0.3582E+00
       3.125     -0.4529E+01      0.3205E+00
       3.130     -0.4529E+01      0.2794E+00
       3.135     -0.4529E+01      0.2353E+00
       3.140     -0.4529E+01      0.1888E+00
       3.145     -0.4529E+01      0.1402E+00
       3.150     -0.4529E+01      0.9023E-01
       3.155     -0.4529E+01      0.3925E-01
       3.160     -0.4529E+01     -0.1214E-01
       3.165     -0.4529E+01     -0.6340E-01
       3.170     -0.4529E+01     -0.1140E+00
       3.175     -0.4529E+01     -0.1634E+00
       3.180     -0.4529E+01     -0.2110E+00
       3.185     -0.4529E+01     -0.2565E+00
       3.190     -0.4529E+01     -0.2992E+00
       3.195     -0.4529E+01     -0.3387E+00
       3.200     -0.4529E+01     -0.3747E+00
       3.205     -0.4529E+01     -0.4067E+00
       3.210     -0.4529E+01     -0.4344E+00
       3.215     -0.4529E+01     -0.4576E+00
       3.220     -0.4529E+01     -0.4758E+00
       3.225     -0.4529E+01     -0.4891E+00
       3.230     -0.4529E+01     -0.4972E+00
       3.235     -0.4529E+01     -0.5000E+00
       3.240     -0.4529E+01     -0.4975E+00
       3.245     -0.4529E+01     -0.4898E+00
       3.250     -0.4529E+01     -0.4769E+00
       3.255     -0.4529E+01     -0.4590E+00
       3.260     -0.4529E+01     -0.4362E+00
       3.265     -0.4529E+01     -0.4088E+00
       3.270     -0.4529E+01     -0.3771E+00
       3.275     -0.4529E+01     -0.3414E+00
       3.280     -0.4529E+01     -0.3020E+00
       3.285     -0.4529E+01     -0.2595E+00
       3.290     -0.4529E+01     -0.2143E+00
       3.295     -0.4529E+01     -0.1668E+00
       3.300     -0.4529E+01     -0.1175E+00
       3.305     -0.4529E+01     -0.6695E-01
       3.310     -0.4529E+01     -0.1572E-01
       3.315     -0.4529E+01      0.3568E-01
       3.320     -0.4529E+01      0.8670E-01
       3.325     -0.4529E+01      0.1368E+00
       3.330     -0.4529E+01      0.1855E+00
       3.335     -0.4529E+01      0.2322E+00
       3.340     -0.4529E+01      0.2764E+00
       3.345     -0.4529E+01      0.3177E+00
       3.350     -0.4529E+01      0.3557E+00
       3.355     -0.4529E+01      0.3899E+00
       3.360     -0.4529E+01      0.4200E+00
       3.365     -0.4529E+01      0.4456E+00
       3.370     -0.4529E+01      0.4665E+00
       3.375     -0.4529E+01      0.4825E+00
       3.380     -0.4529E+01      0.4934E+00
       3.385     -0.4529E+01      0.4991E+00
       3.390     -0.4529E+01      0.4995E+00
       3.395     -0.4529E+01      0.4946E+00
       3.400     -0.4529E+01      0.4845E+00
       3.405     -0.4529E+01      0.4693E+00
       3.410     -0.4529E+01      0.4491E+00
       3.415     -0.4529E+01      0.4242E+00
       3.420     -0.4529E+01      0.3948E+00
       3.425     -0.4529E+01      0.3612E+00
       3.430     -0.4529E+01      0.3237E+00
       3.435     -0.4529E+01      0.2829E+00
       3.440     -0.4529E+01      0.2391E+00
       3.445     -0.4529E+01      0.1927E+00
       3.450     -0.4529E+01      0.1443E+00
       3.455     -0.4529E+01      0.9440E-01
       3.460     -0.4529E+01      0.4348E-01
       3.465     -0.4529E+01     -0.7901E-02
       3.470     -0.4529E+01     -0.5920E-01
       3.475     -0.4529E+01     -0.1099E+00
       3.480     -0.4529E+01     -0.1594E+00
       3.485     -0.4528E+01     -0.2072E+00
       3.490     -0.4528E+01     -0.2528E+00
       3.495     -0.4528E+01     -0.2958E+00
       3.500     -0.4528E+01     -0.3356E+00
       3.505     -0.4528E+01     -0.3719E+00
       3.510     -0.4528E+01     -0.4043E+00
       3.515     -0.4528E+01     -0.4323E+00
       3.520     -0.4528E+01     -0.4558E+00
       3.525     -0.4528E+01     -0.4745E+00
       3.530     -0.4528E+01     -0.4882E+00
       3.535     -0.4528E+01     -0.4967E+00
       3.540     -0.4528E+01     -0.5000E+00
       3.545     -0.4528E+01     -0.4979E+00
       3.550     -0.4528E+01     -0.4906E+00
       3.555     -0.4528E+01     -0.4782E+00
       3.560     -0.4528E+01     -0.4606E+00
       3.565     -0.4528E+01     -0.4382E+00
       3.570     -0.4528E+01     -0.4112E+00
       3.575     -0.4528E+01     -0.3798E+00
       3.580     -0.4528E+01     -0.3444E+00
       3.585     -0.4528E+01     -0.3054E+00
       3.590     -0.4528E+01     -0.2631E+00
       3.595     -0.4528E+01     -0.2180E+00
       3.600     -0.4528E+01     -0.1707E+00
       3.605     -0.4528E+01     -0.1215E+00
       3.610     -0.4528E+01     -0.7108E-01
       3.615     -0.4528E+01     -0.1989E-01
       3.620     -0.4528E+01      0.3152E-01
       3.625     -0.4528E+01      0.8259E-01
       3.630     -0.4528E+01      0.1328E+00
       3.635     -0.4528E+01      0.1816E+00
       3.640     -0.4528E+01      0.2285E+00
       3.645     -0.4528E+01      0.2729E+00
       3.650     -0.4528E+01      0.3145E+00
       3.655     -0.4528E+01      0.3528E+00
       3.660     -0.4528E+01      0.3873E+00
       3.665     -0.4528E+01      0.4177E+00
       3.670     -0.4528E+01      0.4437E+00
       3.675     -0.4528E+01      0.4650E+00
       3.680     -0.4528E+01      0.4814E+00
       3.685     -0.4528E+01      0.4928E+00
       3.690     -0.4528E+01      0.4989E+00
       3.695     -0.4528E+01      0.4997E+00
       3.700     -0.4528E+01      0.4952E+00
       3.705     -0.4528E+01      0.4855E+00
       3.710     -0.4528E+01      0.4707E+00
       3.715     -0.4528E+01      0.4509E+00
       3.720     -0.4528E+01      0.4263E+00
       3.725     -0.4528E+01      0.3973E+00
       3.730     -0.4528E+01      0.3640E+00
       3.735     -0.4528E+01      0.3269E+00
       3.740     -0.4528E+01      0.2863E+00
       3.745     -0.4528E+01      0.2427E+00
       3.750     -0.4528E+01      0.1965E+00
       3.755     -0.4528E+01      0.1482E+00
       3.760     -0.4528E+01      0.9842E-01
       3.765     -0.4528E+01      0.4755E-01
       3.770     -0.4528E+01     -0.3812E-02
       3.775     -0.4528E+01     -0.5514E-01
       3.780     -0.4528E+01     -0.1059E+00
       3.785     -0.4528E+01     -0.1555E+00
       3.790     -0.4528E+01     -0.2035E+00
       3.795     -0.4528E+01     -0.2493E+00
       3.800     -0.4528E+01     -0.2925E+00
       3.805     -0.4528E+01     -0.3326E+00
       3.810     -0.4527E+01     -0.3692E+00
       3.815     -0.4527E+01     -0.4019E+00
       3.820     -0.4527E+01     -0.4303E+00
       3.825     -0.4527E+01     -0.4542E+00
       3.830     -0.4527E+01     -0.4732E+00
       3.835     -0.4527E+01     -0.4873E+00
       3.840     -0.4527E+01     -0.4962E+00
       3.845     -0.4527E+01     -0.4999E+00
       3.850     -0.4527E+01     -0.4983E+00
       3.855     -0.4527E+01     -0.4914E+00
       3.860     -0.4527E+01     -0.4793E+00
       3.865     -0.4527E+01     -0.4622E+00
       3.870     -0.4527E+01     -0.4402E+00
       3.875     -0.4527E+01     -0.4135E+00
       3.880     -0.4527E+01     -0.3824E+00
       3.885     -0.4527E+01     -0.3473E+00
       3.890     -0.4527E+01     -0.3085E+00
       3.895     -0.4527E+01     -0.2665E+00
       3.900     -0.4527E+01     -0.2217E+00
       3.905     -0.4527E+01     -0.1745E+00
       3.910     -0.4527E+01     -0.1254E+00
       3.915     -0.4527E+01     -0.7507E-01
       3.920     -0.4527E+01     -0.2391E-01
       3.925     -0.4527E+01      0.2750E-01
       3.930     -0.4527E+01      0.7862E-01
       3.935     -0.4527E+01      0.1289E+00
       3.940     -0.4527E+01      0.1778E+00
       3.945     -0.4527E+01      0.2249E+00
       3.950     -0.4527E+01      0.2695E+00
       3.955     -0.4527E+01      0.3114E+00
       3.960     -0.4527E+01      0.3499E+00
       3.965     -0.4527E+01      0.3847E+00
       3.970     -0.4527E+01      0.4155E+00
       3.975     -0.4527E+01      0.4418E+00
       3.980     -0.4527E+01      0.4635E+00
       3.985     -0.4527E+01      0.4803E+00
       3.990     -0.4527E+01      0.4921E+00
       3.995     -0.4527E+01      0.4986E+00
       4.000     -0.4527E+01      0.4998E+00
       4.005     -0.4527E+01      0.4958E+00
       4.010     -0.4527E+01      0.4865E+00
       4.015     -0.4527E+01      0.4721E+00
       4.020     -0.4527E+01      0.4526E+00
       4.025     -0.4527E+01      0.4284E+00
       4.030     -0.4527E+01      0.3997E+00
       4.035     -0.4527E+01      0.3667E+00
       4.040     -0.4527E+01      0.3299E+00
       4.045     -0.4527E+01      0.2896E+00
       4.050     -0.4527E+01      0.2462E+00
       4.055     -0.4527E+01      0.2002E+00
       4.060     -0.4527E+01      0.1521E+00
       4.065     -0.4527E+01      0.1024E+00
       4.070     -0.4527E+01      0.5158E-01
       4.075     -0.4527E+01      0.2348E-03
       4.080     -0.4527E+01     -0.5111E-01
       4.085     -0.4527E+01     -0.1019E+00
       4.090     -0.4527E+01     -0.1516E+00
       4.095     -0.4527E+01     -0.1998E+00
       4.100     -0.4527E+01     -0.2458E+00
       4.105     -0.4527E+01     -0.2892E+00
       4.110     -0.4527E+01     -0.3296E+00
       4.115     -0.4527E+01     -0.3664E+00
       4.120     -0.4527E+01     -0.3994E+00
       4.125     -0.4527E+01     -0.4282E+00
       4.130     -0.4527E+01     -0.4524E+00
       4.135     -0.4526E+01     -0.4719E+00
       4.140     -0.4526E+01     -0.4864E+00
       4.145     -0.4526E+01     -0.4957E+00
       4.150     -0.4526E+01     -0.4998E+00
       4.155     -0.4526E+01     -0.4986E+00
       4.160     -0.4526E+01     -0.4921E+00
       4.165     -0.4526E+01     -0.4805E+00
       4.170     -0.4526E+01     -0.4637E+00
       4.175     -0.4526E+01     -0.4421E+00
       4.180     -0.4526E+01     -0.4158E+00
       4.185     -0.4526E+01     -0.3850E+00
       4.190     -0.4526E+01     -0.3503E+00
       4.195     -0.4526E+01     -0.3118E+00
       4.200     -0.4526E+01     -0.2700E+00
       4.205     -0.4526E+01     -0.2253E+00
       4.210     -0.4526E+01     -0.1783E+00
       4.215     -0.4526E+01     -0.1294E+00
       4.220     -0.4526E+01     -0.7914E-01
       4.225     -0.4526E+01     -0.2803E-01
       4.230     -0.4526E+01      0.2337E-01
       4.235     -0.4526E+01      0.7453E-01
       4.240     -0.4526E+01      0.1249E+00
       4.245     -0.4526E+01      0.1740E+00
       4.250     -0.4526E+01      0.2212E+00
       4.255     -0.4526E+01      0.2660E+00
       4.260     -0.4526E+01      0.3081E+00
       4.265     -0.4526E+01      0.3469E+00
       4.270     -0.4526E+01      0.3821E+00
       4.275     -0.4526E+01      0.4132E+00
       4.280     -0.4526E+01      0.4399E+00
       4.285     -0.4526E+01      0.4620E+00
       4.290     -0.4526E+01      0.4792E+00
       4.295     -0.4526E+01      0.4913E+00
       4.300     -0.4526E+01      0.4982E+00
       4.305     -0.4526E+01      0.4999E+00
       4.310     -0.4526E+01      0.4963E+00
       4.315     -0.4526E+01      0.4874E+00
       4.320     -0.4526E+01      0.4734E+00
       4.325     -0.4526E+01      0.4544E+00
       4.330     -0.4526E+01      0.4306E+00
       4.335     -0.4526E+01      0.4022E+00
       4.340     -0.4526E+01      0.3696E+00
       4.345     -0.4526E+01      0.3331E+00
       4.350     -0.4526E+01      0.2930E+00
       4.355     -0.4526E+01      0.2499E+00
       4.360     -0.4526E+01      0.2041E+00
       4.365     -0.4526E+01      0.1561E+00
       4.370     -0.4526E+01      0.1065E+00
       4.375     -0.4526E+01      0.5579E-01
       4.380     -0.4526E+01      0.4472E-02
       4.385     -0.4526E+01     -0.4689E-01
       4.390     -0.4526E+01     -0.9776E-01
       4.395     -0.4526E+01     -0.1476E+00
       4.400     -0.4526E+01     -0.1959E+00
       4.405     -0.4526E+01     -0.2421E+00
       4.410     -0.4526E+01     -0.2857E+00
       4.415     -0.4526E+01     -0.3263E+00
       4.420     -0.4526E+01     -0.3635E+00
       4.425     -0.4526E+01     -0.3968E+00
       4.430     -0.4526E+01     -0.4260E+00
       4.435     -0.4526E+01     -0.4506E+00
       4.440     -0.4526E+01     -0.4705E+00
       4.445     -0.4526E+01     -0.4854E+00
       4.450     -0.4526E+01     -0.4951E+00
       4.455     -0.4526E+01     -0.4997E+00
       4.460     -0.4526E+01     -0.4989E+00
       4.465     -0.4526E+01     -0.4929E+00
       4.470     -0.4526E+01     -0.4817E+00
       4.475     -0.4526E+01     -0.4653E+00
       4.480     -0.4526E+01     -0.4441E+00
       4.485     -0.4526E+01     -0.4181E+00
       4.490     -0.4526E+01     -0.3878E+00
       4.495     -0.4526E+01     -0.3533E+00
       4.500     -0.4526E+01     -0.3151E+00
       4.505     -0.4526E+01     -0.2736E+00
       4.510     -0.4526E+01     -0.2292E+00
       4.515     -0.4526E+01     -0.1824E+00
       4.520     -0.4526E+01     -0.1336E+00
       4.525     -0.4526E+01     -0.8343E-01
       4.530     -0.4526E+01     -0.3237E-01
       4.535     -0.4526E+01      0.1903E-01
       4.540     -0.4526E+01      0.7023E-01
       4.545     -0.4527E+01      0.1207E+00
       4.550     -0.4527E+01      0.1699E+00
       4.555     -0.4527E+01      0.2173E+00
       4.560     -0.4527E+01      0.2623E+00
       4.565     -0.4527E+01      0.3047E+00
       4.570     -0.4527E+01      0.3438E+00
       4.575     -0.4527E+01      0.3792E+00
       4.580     -0.4527E+01      0.4107E+00
       4.585     -0.4527E+01      0.4378E+00
       4.590     -0.4527E+01      0.4603E+00
       4.595     -0.4527E+01      0.4779E+00
       4.600     -0.4527E+01      0.4905E+00
       4.605     -0.4527E+01      0.4979E+00
       4.610     -0.4527E+01      0.5000E+00
       4.615     -0.4527E+01      0.4968E+00
       4.620     -0.4527E+01      0.4884E+00
       4.625     -0.4527E+01      0.4748E+00
       4.630     -0.4527E+01      0.4562E+00
       4.635     -0.4527E+01      0.4328E+00
       4.640     -0.4527E+01      0.4048E+00
       4.645     -0.4527E+01      0.3726E+00
       4.650     -0.4527E+01      0.3363E+00
       4.655     -0.4527E+01      0.2966E+00
       4.660     -0.4527E+01      0.2537E+00
       4.665     -0.4527E+01      0.2081E+00
       4.670     -0.4527E+01      0.1603E+00
       4.675     -0.4527E+01      0.1108E+00
       4.680     -0.4527E+01      0.6019E-01
       4.685     -0.4527E+01      0.8908E-02
       4.690     -0.4527E+01     -0.4247E-01
       4.695     -0.4527E+01     -0.9340E-01
       4.700     -0.4527E+01     -0.1433E+00
       4.705     -0.4527E+01     -0.1918E+00
       4.710     -0.4527E+01     -0.2382E+00
       4.715     -0.4527E+01     -0.2820E+00
       4.720     -0.4527E+01     -0.3229E+00
       4.725     -0.4527E+01     -0.3604E+00
       4.730     -0.4527E+01     -0.3941E+00
       4.735     -0.4527E+01     -0.4236E+00
       4.740     -0.4527E+01     -0.4487E+00
       4.745     -0.4527E+01     -0.4689E+00
       4.750     -0.4527E+01     -0.4843E+00
       4.755     -0.4527E+01     -0.4945E+00
       4.760     -0.4527E+01     -0.4995E+00
       4.765     -0.4527E+01     -0.4992E+00
       4.770     -0.4527E+01     -0.4936E+00
       4.775     -0.4527E+01     -0.4828E+00
       4.780     -0.4527E+01     -0.4669E+00
       4.785     -0.4527E+01     -0.4461E+00
       4.790     -0.4527E+01     -0.4206E+00
       4.795     -0.4527E+01     -0.3906E+00
       4.800     -0.4527E+01     -0.3565E+00
       4.805     -0.4527E+01     -0.3186E+00
       4.810     -0.4527E+01     -0.2774E+00
       4.815     -0.4527E+01     -0.2332E+00
       4.820     -0.4527E+01     -0.1865E+00
       4.825     -0.4527E+01     -0.1379E+00
       4.830     -0.4527E+01     -0.8785E-01
       4.835     -0.4527E+01     -0.3685E-01
       4.840     -0.4527E+01      0.1454E-01
       4.845     -0.4527E+01      0.6578E-01
       4.850     -0.4527E+01      0.1163E+00
       4.855     -0.4527E+01      0.1656E+00
       4.860     -0.4527E+01      0.2132E+00
       4.865     -0.4527E+01      0.2585E+00
       4.870     -0.4527E+01      0.3011E+00
       4.875     -0.4527E+01      0.3405E+00
       4.880     -0.4527E+01      0.3763E+00
       4.885     -0.4527E+01      0.4081E+00
       4.890     -0.4527E+01      0.4356E+00
       4.895     -0.4527E+01      0.4585E+00
       4.900     -0.4527E+01      0.4766E+00
       4.905     -0.4527E+01      0.4896E+00
       4.910     -0.4527E+01      0.4974E+00
       4.915     -0.4527E+01      0.5000E+00
       4.920     -0.4527E+01      0.4973E+00
       4.925     -0.4527E+01      0.4893E+00
       4.930     -0.4527E+01      0.4762E+00
       4.935     -0.4527E+01      0.4581E+00
       4.940     -0.4527E+01      0.4350E+00
       4.945     -0.4527E+01      0.4074E+00
       4.950     -0.4527E+01      0.3755E+00
       4.955     -0.4527E+01      0.3397E+00
       4.960     -0.4527E+01      0.3002E+00
       4.965     -0.4527E+01      0.2575E+00
       4.970     -0.4527E+01      0.2122E+00
       4.975     -0.4527E+01      0.1646E+00
       4.980     -0.4527E+01      0.1152E+00
       4.985     -0.4527E+01      0.6465E-01
       4.990     -0.4527E+01      0.1340E-01
       4.995     -0.4527E+01     -0.3799E-01
       5.000     -0.4527E+01     -0.8898E-01
       5.005     -0.4527E+01     -0.1390E+00
       5.010     -0.4527E+01     -0.1876E+00
       5.015     -0.4527E+01     -0.2342E+00
       5.020     -0.4527E+01     -0.2783E+00
       5.025     -0.4527E+01     -0.3195E+00
       5.030     -0.4527E+01     -0.3573E+00
       5.035     -0.4527E+01     -0.3913E+00
       5.040     -0.4527E+01     -0.4212E+00
       5.045     -0.4527E+01     -0.4467E+00
       5.050     -0.4527E+01     -0.4674E+00
       5.055     -0.4527E+01     -0.4831E+00
       5.060     -0.4527E+01     -0.4938E+00
       5.065     -0.4527E+01     -0.4993E+00
       5.070     -0.4527E+01     -0.4994E+00
       5.075     -0.4527E+01     -0.4943E+00
       5.080     -0.4527E+01     -0.4840E+00
       5.085     -0.4527E+01     -0.4685E+00
       5.090     -0.4527E+01     -0.4481E+00
       5.095     -0.4527E+01     -0.4230E+00
       5.100     -0.4527E+01     -0.3934E+00
       5.105     -0.4527E+01     -0.3596E+00
       5.110     -0.4527E+01     -0.3220E+00
       5.115     -0.4527E+01     -0.2811E+00
       5.120     -0.4527E+01     -0.2371E+00
       5.125     -0.4527E+01     -0.1907E+00
       5.130     -0.4527E+01     -0.1422E+00
       5.135     -0.4527E+01     -0.9225E-01
       5.140     -0.4527E+01     -0.4131E-01
       5.145     -0.4528E+01      0.1007E-01
       5.150     -0.4528E+01      0.6135E-01
       5.155     -0.4528E+01      0.1120E+00
       5.160     -0.4528E+01      0.1614E+00
       5.165     -0.4528E+01      0.2091E+00
       5.170     -0.4528E+01      0.2547E+00
       5.175     -0.4528E+01      0.2975E+00
       5.180     -0.4528E+01      0.3372E+00
       5.185     -0.4528E+01      0.3733E+00
       5.190     -0.4528E+01      0.4055E+00
       5.195     -0.4528E+01      0.4334E+00
       5.200     -0.4528E+01      0.4567E+00
       5.205     -0.4528E+01      0.4752E+00
       5.210     -0.4528E+01      0.4886E+00
       5.215     -0.4528E+01      0.4969E+00
       5.220     -0.4528E+01      0.5000E+00
       5.225     -0.4528E+01      0.4977E+00
       5.230     -0.4528E+01      0.4902E+00
       5.235     -0.4528E+01      0.4776E+00
       5.240     -0.4528E+01      0.4598E+00
       5.245     -0.4528E+01      0.4372E+00
       5.250     -0.4528E+01      0.4100E+00
       5.255     -0.4528E+01      0.3784E+00
       5.260     -0.4528E+01      0.3429E+00
       5.265     -0.4528E+01      0.3037E+00
       5.270     -0.4528E+01      0.2613E+00
       5.275     -0.4528E+01      0.2162E+00
       5.280     -0.4528E+01      0.1687E+00
       5.285     -0.4528E+01      0.1195E+00
       5.290     -0.4528E+01      0.6903E-01
       5.295     -0.4528E+01      0.1782E-01
       5.300     -0.4528E+01     -0.3358E-01
       5.305     -0.4528E+01     -0.8463E-01
       5.310     -0.4528E+01     -0.1348E+00
       5.315     -0.4528E+01     -0.1835E+00
       5.320     -0.4528E+01     -0.2303E+00
       5.325     -0.4528E+01     -0.2747E+00
       5.330     -0.4528E+01     -0.3161E+00
       5.335     -0.4528E+01     -0.3542E+00
       5.340     -0.4528E+01     -0.3886E+00
       5.345     -0.4528E+01     -0.4188E+00
       5.350     -0.4527E+01     -0.4447E+00
       5.355     -0.4527E+01     -0.4658E+00
       5.360     -0.4527E+01     -0.4820E+00
       5.365     -0.4527E+01     -0.4931E+00
       5.370     -0.4527E+01     -0.4990E+00
       5.375     -0.4527E+01     -0.4996E+00
       5.380     -0.4527E+01     -0.4950E+00
       5.385     -0.4527E+01     -0.4851E+00
       5.390     -0.4527E+01     -0.4700E+00
       5.395     -0.4527E+01     -0.4500E+00
       5.400     -0.4528E+01     -0.4253E+00
       5.405     -0.4528E+01     -0.3961E+00
       5.410     -0.4528E+01     -0.3626E+00
       5.415     -0.4528E+01     -0.3254E+00
       5.420     -0.4528E+01     -0.2847E+00
       5.425     -0.4528E+01     -0.2410E+00
       5.430     -0.4528E+01     -0.1947E+00
       5.435     -0.4528E+01     -0.1464E+00
       5.440     -0.4528E+01     -0.9652E-01
       5.445     -0.4528E+01     -0.4564E-01
       5.450     -0.4528E+01      0.5729E-02
       5.455     -0.4528E+01      0.5703E-01
       5.460     -0.4528E+01      0.1077E+00
       5.465     -0.4528E+01      0.1573E+00
       5.470     -0.4528E+01      0.2052E+00
       5.475     -0.4528E+01      0.2509E+00
       5.480     -0.4528E+01      0.2940E+00
       5.485     -0.4528E+01      0.3340E+00
       5.490     -0.4528E+01      0.3704E+00
       5.495     -0.4528E+01      0.4030E+00
       5.500     -0.4528E+01      0.4312E+00
       5.505     -0.4528E+01      0.4549E+00
       5.510     -0.4528E+01      0.4738E+00
       5.515     -0.4528E+01      0.4877E+00
       5.520     -0.4528E+01      0.4964E+00
       5.525     -0.4528E+01      0.4999E+00
       5.530     -0.4528E+01      0.4981E+00
       5.535     -0.4527E+01      0.4911E+00
       5.540     -0.4527E+01      0.4788E+00
       5.545     -0.4527E+01      0.4615E+00
       5.550     -0.4527E+01      0.4393E+00
       5.555     -0.4527E+01      0.4124E+00
       5.560     -0.4527E+01      0.3812E+00
       5.565     -0.4527E+01      0.3460E+00
       5.570     -0.4527E+01      0.3071E+00
       5.575     -0.4527E+01      0.2650E+00
       5.580     -0.4527E+01      0.2200E+00
       5.585     -0.4527E+01      0.1728E+00
       5.590     -0.4527E+01      0.1237E+00
       5.595     -0.4527E+01      0.7327E-01
       5.600     -0.4527E+01      0.2209E-01
       5.605     -0.4527E+01     -0.2932E-01
       5.610     -0.4527E+01     -0.8042E-01
       5.615     -0.4527E+01     -0.1307E+00
       5.620     -0.4527E+01     -0.1795E+00
       5.625     -0.4527E+01     -0.2265E+00
       5.630     -0.4527E+01     -0.2711E+00
       5.635     -0.4527E+01     -0.3128E+00
       5.640     -0.4527E+01     -0.3512E+00
       5.645     -0.4527E+01     -0.3859E+00
       5.650     -0.4527E+01     -0.4165E+00
       5.655     -0.4527E+01     -0.4427E+00
       5.660     -0.4527E+01     -0.4642E+00
       5.665     -0.4527E+01     -0.4808E+00
       5.670     -0.4527E+01     -0.4924E+00
       5.675     -0.4527E+01     -0.4987E+00
       5.680     -0.4527E+01     -0.4998E+00
       5.685     -0.4527E+01     -0.4955E+00
       5.690     -0.4527E+01     -0.4861E+00
       5.695     -0.4527E+01     -0.4715E+00
       5.700     -0.4527E+01     -0.4519E+00
       5.705     -0.4527E+01     -0.4275E+00
       5.710     -0.4527E+01     -0.3986E+00
       5.715     -0.4527E+01     -0.3655E+00
       5.720     -0.4527E+01     -0.3286E+00
       5.725     -0.4527E+01     -0.2881E+00
       5.730     -0.4527E+01     -0.2447E+00
       5.735     -0.4527E+01     -0.1986E+00
       5.740     -0.4527E+01     -0.1504E+00
       5.745     -0.4527E+01     -0.1007E+00
       5.750     -0.4527E+01     -0.4985E-01
       5.755     -0.4527E+01      0.1501E-02
       5.760     -0.4527E+01      0.5283E-01
       5.765     -0.4527E+01      0.1036E+00
       5.770     -0.4527E+01      0.1533E+00
       5.775     -0.4527E+01      0.2013E+00
       5.780     -0.4527E+01      0.2473E+00
       5.785     -0.4527E+01      0.2906E+00
       5.790     -0.4527E+01      0.3308E+00
       5.795     -0.4527E+01      0.3676E+00
       5.800     -0.4527E+01      0.4004E+00
       5.805     -0.4527E+01      0.4291E+00
       5.810     -0.4527E+01      0.4532E+00
       5.815     -0.4527E+01      0.4725E+00
       5.820     -0.4527E+01      0.4868E+00
       5.825     -0.4527E+01      0.4959E+00
       5.830     -0.4527E+01      0.4998E+00
       5.835     -0.4527E+01      0.4985E+00
       5.840     -0.4527E+01      0.4918E+00
       5.845     -0.4527E+01      0.4800E+00
       5.850     -0.4527E+01      0.4631E+00
       5.855     -0.4527E+01      0.4413E+00
       5.860     -0.4527E+01      0.4148E+00
       5.865     -0.4527E+01      0.3840E+00
       5.870     -0.4527E+01      0.3490E+00
       5.875     -0.4527E+01      0.3104E+00
       5.880     -0.4527E+01      0.2685E+00
       5.885     -0.4527E+01      0.2238E+00
       5.890     -0.4527E+01      0.1767E+00
       5.895     -0.4527E+01      0.1278E+00
       5.900     -0.4527E+01      0.7745E-01
       5.905     -0.4527E+01      0.2631E-01
       5.910     -0.4527E+01     -0.2510E-01
       5.915     -0.4527E+01     -0.7624E-01
       5.920     -0.4527E+01     -0.1266E+00
       5.925     -0.4527E+01     -0.1756E+00
       5.930     -0.4527E+01     -0.2227E+00
       5.935     -0.4527E+01     -0.2675E+00
       5.940     -0.4527E+01     -0.3095E+00
       5.945     -0.4527E+01     -0.3482E+00
       5.950     -0.4527E+01     -0.3832E+00
       5.955     -0.4527E+01     -0.4141E+00
       5.960     -0.4527E+01     -0.4407E+00
       5.965     -0.4527E+01     -0.4626E+00
       5.970     -0.4527E+01     -0.4797E+00
       5.975     -0.4527E+01     -0.4916E+00
       5.980     -0.4527E+01     -0.4984E+00
       5.985     -0.4527E+01     -0.4999E+00
       5.990     -0.4527E+01     -0.4961E+00
       5.995     -0.4527E+01     -0.4870E+00
       6.000     -0.4527E+01     -0.4729E+00
       6.005     -0.4527E+01     -0.4537E+00
       6.010     -0.4527E+01     -0.4297E+00
       6.015     -0.4527E+01     -0.4012E+00
       6.020     -0.4527E+01     -0.3684E+00
       6.025     -0.4527E+01     -0.3318E+00
       6.030     -0.4527E+01     -0.2916E+00
       6.035     -0.4527E+01     -0.2484E+00
       6.040     -0.4527E+01     -0.2025E+00
       6.045     -0.4527E+01     -0.1545E+00
       6.050     -0.4527E+01     -0.1048E+00
       6.055     -0.4527E+01     -0.5408E-01
       6.060     -0.4527E+01     -0.2758E-02
       6.065     -0.4527E+01      0.4859E-01
       6.070     -0.4527E+01      0.9943E-01
       6.075     -0.4527E+01      0.1492E+00
       6.080     -0.4527E+01      0.1974E+00
       6.085     -0.4527E+01      0.2436E+00
       6.090     -0.4527E+01      0.2871E+00
       6.095     -0.4527E+01      0.3276E+00
       6.100     -0.4527E+01      0.3647E+00
       6.105     -0.4527E+01      0.3979E+00
       6.110     -0.4527E+01      0.4269E+00
       6.115     -0.4527E+01      0.4513E+00
       6.120     -0.4527E+01      0.4710E+00
       6.125     -0.4527E+01      0.4858E+00
       6.130     -0.4527E+01      0.4954E+00
       6.135     -0.4527E+01      0.4997E+00
       6.140     -0.4527E+01      0.4988E+00
       6.145     -0.4527E+01      0.4926E+00
       6.150     -0.4527E+01      0.4812E+00
       6.155     -0.4527E+01      0.4647E+00
       6.160     -0.4527E+01      0.4433E+00
       6.165     -0.4527E+01      0.4172E+00
       6.170     -0.4527E+01      0.3867E+00
       6.175     -0.4527E+01      0.3521E+00
       6.180     -0.4527E+01      0.3138E+00
       6.185     -0.4527E+01      0.2722E+00
       6.190     -0.4527E+01      0.2277E+00
       6.195     -0.4527E+01      0.1807E+00
       6.200     -0.4527E+01      0.1319E+00
       6.205     -0.4527E+01      0.8170E-01
       6.210     -0.4527E+01      0.3062E-01
       6.215     -0.4527E+01     -0.2079E-01
       6.220     -0.4527E+01     -0.7197E-01
       6.225     -0.4527E+01     -0.1224E+00
       6.230     -0.4527E+01     -0.1715E+00
       6.235     -0.4527E+01     -0.2188E+00
       6.240     -0.4527E+01     -0.2639E+00
       6.245     -0.4527E+01     -0.3061E+00
       6.250     -0.4527E+01     -0.3450E+00
       6.255     -0.4527E+01     -0.3804E+00
       6.260     -0.4527E+01     -0.4117E+00
       6.265     -0.4527E+01     -0.4387E+00
       6.270     -0.4527E+01     -0.4610E+00
       6.275     -0.4527E+01     -0.4784E+00
       6.280     -0.4527E+01     -0.4908E+00
       6.285     -0.4527E+01     -0.4980E+00
       6.290     -0.4527E+01     -0.5000E+00
       6.295     -0.4527E+01     -0.4966E+00
       6.300     -0.4527E+01     -0.4880E+00
       6.305     -0.4527E+01     -0.4743E+00
       6.310     -0.4527E+01     -0.4555E+00
       6.315     -0.4527E+01     -0.4319E+00
       6.320     -0.4527E+01     -0.4038E+00
       6.325     -0.4527E+01     -0.3713E+00
       6.330     -0.4527E+01     -0.3350E+00
       6.335     -0.4527E+01     -0.2951E+00
       6.340     -0.4527E+01     -0.2521E+00
       6.345     -0.4527E+01     -0.2065E+00
       6.350     -0.4527E+01     -0.1586E+00
       6.355     -0.4527E+01     -0.1091E+00
       6.360     -0.4527E+01     -0.5842E-01
       6.365     -0.4527E+01     -0.7125E-02
       6.370     -0.4527E+01      0.4424E-01
       6.375     -0.4527E+01      0.9515E-01
       6.380     -0.4527E+01      0.1450E+00
       6.385     -0.4527E+01      0.1934E+00
       6.390     -0.4527E+01      0.2397E+00
       6.395     -0.4527E+01      0.2835E+00
       6.400     -0.4527E+01      0.3243E+00
       6.405     -0.4527E+01      0.3617E+00
       6.410     -0.4527E+01      0.3952E+00
       6.415     -0.4527E+01      0.4246E+00
       6.420     -0.4527E+01      0.4494E+00
       6.425     -0.4527E+01      0.4696E+00
       6.430     -0.4527E+01      0.4847E+00
       6.435     -0.4527E+01      0.4948E+00
       6.440     -0.4527E+01      0.4996E+00
       6.445     -0.4527E+01      0.4991E+00
       6.450     -0.4527E+01      0.4933E+00
       6.455     -0.4527E+01      0.4824E+00
       6.460     -0.4527E+01      0.4663E+00
       6.465     -0.4527E+01      0.4453E+00
       6.470     -0.4527E+01      0.4196E+00
       6.475     -0.4527E+01      0.3895E+00
       6.480     -0.4527E+01      0.3552E+00
       6.485     -0.4527E+01      0.3172E+00
       6.490     -0.4527E+01      0.2758E+00
       6.495     -0.4527E+01      0.2316E+00
       6.500     -0.4527E+01      0.1848E+00
       6.505     -0.4527E+01      0.1361E+00
       6.510     -0.4527E+01      0.8602E-01
       6.515     -0.4527E+01      0.3499E-01
       6.520     -0.4527E+01     -0.1641E-01
       6.525     -0.4527E+01     -0.6763E-01
       6.530     -0.4527E+01     -0.1181E+00
       6.535     -0.4527E+01     -0.1674E+00
       6.540     -0.4527E+01     -0.2149E+00
       6.545     -0.4527E+01     -0.2601E+00
       6.550     -0.4527E+01     -0.3026E+00
       6.555     -0.4527E+01     -0.3419E+00
       6.560     -0.4527E+01     -0.3775E+00
       6.565     -0.4527E+01     -0.4092E+00
       6.570     -0.4527E+01     -0.4365E+00
       6.575     -0.4527E+01     -0.4593E+00
       6.580     -0.4527E+01     -0.4771E+00
       6.585     -0.4527E+01     -0.4900E+00
       6.590     -0.4527E+01     -0.4976E+00
       6.595     -0.4527E+01     -0.5000E+00
       6.600     -0.4527E+01     -0.4971E+00
       6.605     -0.4527E+01     -0.4889E+00
       6.610     -0.4527E+01     -0.4756E+00
       6.615     -0.4527E+01     -0.4573E+00
       6.620     -0.4527E+01     -0.4341E+00
       6.625     -0.4527E+01     -0.4063E+00
       6.630     -0.4527E+01     -0.3743E+00
       6.635     -0.4527E+01     -0.3382E+00
       6.640     -0.4527E+01     -0.2986E+00
       6.645     -0.4527E+01     -0.2559E+00
       6.650     -0.4527E+01     -0.2104E+00
       6.655     -0.4527E+01     -0.1628E+00
       6.660     -0.4527E+01     -0.1134E+00
       6.665     -0.4527E+01     -0.6276E-01
       6.670     -0.4527E+01     -0.1149E-01
       6.675     -0.4527E+01      0.3989E-01
       6.680     -0.4527E+01      0.9085E-01
       6.685     -0.4527E+01      0.1409E+00
       6.690     -0.4527E+01      0.1894E+00
       6.695     -0.4527E+01      0.2359E+00
       6.700     -0.4527E+01      0.2799E+00
       6.705     -0.4527E+01      0.3210E+00
       6.710     -0.4527E+01      0.3586E+00
       6.715     -0.4527E+01      0.3925E+00
       6.720     -0.4527E+01      0.4222E+00
       6.725     -0.4527E+01      0.4475E+00
       6.730     -0.4527E+01      0.4680E+00
       6.735     -0.4527E+01      0.4836E+00
       6.740     -0.4527E+01      0.4941E+00
       6.745     -0.4527E+01      0.4994E+00
       6.750     -0.4527E+01      0.4993E+00
       6.755     -0.4527E+01      0.4940E+00
       6.760     -0.4527E+01      0.4835E+00
       6.765     -0.4527E+01      0.4679E+00
       6.770     -0.4527E+01      0.4473E+00
       6.775     -0.4527E+01      0.4220E+00
       6.780     -0.4527E+01      0.3922E+00
       6.785     -0.4527E+01      0.3583E+00
       6.790     -0.4527E+01      0.3206E+00
       6.795     -0.4527E+01      0.2795E+00
       6.800     -0.4527E+01      0.2354E+00
       6.805     -0.4527E+01      0.1889E+00
       6.810     -0.4527E+01      0.1403E+00
       6.815     -0.4527E+01      0.9031E-01
       6.820     -0.4527E+01      0.3933E-01
       6.825     -0.4527E+01     -0.1206E-01
       6.830     -0.4527E+01     -0.6332E-01
       6.835     -0.4527E+01     -0.1139E+00
       6.840     -0.4527E+01     -0.1633E+00
       6.845     -0.4527E+01     -0.2110E+00
       6.850     -0.4527E+01     -0.2564E+00
       6.855     -0.4527E+01     -0.2991E+00
       6.860     -0.4527E+01     -0.3387E+00
       6.865     -0.4527E+01     -0.3747E+00
       6.870     -0.4527E+01     -0.4067E+00
       6.875     -0.4527E+01     -0.4344E+00
       6.880     -0.4527E+01     -0.4575E+00
       6.885     -0.4527E+01     -0.4758E+00
       6.890     -0.4527E+01     -0.4891E+00
       6.895     -0.4527E+01     -0.4972E+00
       6.900     -0.4527E+01     -0.5000E+00
       6.905     -0.4527E+01     -0.4975E+00
       6.910     -0.4527E+01     -0.4898E+00
       6.915     -0.4527E+01     -0.4769E+00
       6.920     -0.4527E+01     -0.4590E+00
       6.925     -0.4527E+01     -0.4362E+00
       6.930     -0.4527E+01     -0.4088E+00
       6.935     -0.4527E+01     -0.3771E+00
       6.940     -0.4527E+01     -0.3414E+00
       6.945     -0.4527E+01     -0.3021E+00
       6.950     -0.4527E+01     -0.2596E+00
       6.955     -0.4527E+01     -0.2144E+00
       6.960     -0.4527E+01     -0.1669E+00
       6.965     -0.4527E+01     -0.1176E+00
       6.970     -0.4527E+01     -0.6706E-01
       6.975     -0.4527E+01     -0.1583E-01
       6.980     -0.4527E+01      0.3557E-01
       6.985     -0.4527E+01      0.8659E-01
       6.990     -0.4527E+01      0.1367E+00
       6.995     -0.4527E+01      0.1854E+00
       7.000     -0.4527E+01      0.2321E+00
